,PenaltyGoals+,penalty_goals_per_game
384,0,0.08333333333333333
385,1,0.2916666666666667
386,0,0.625
387,1,0.125
388,1,0.08333333333333333
389,0,0.125
390,1,0.125
391,1,0.25
392,0,0.2916666666666667
393,1,0.625
394,2,0.3333333333333333
395,1,0.375
396,1,0.20833333333333331
397,1,0.25
398,0,0.5
399,1,0.5416666666666666
400,1,0.4583333333333333
401,1,0.5
402,1,0.20833333333333331
403,0,0.2916666666666667
404,2,0.4583333333333333
405,0,0.25
406,0,0.16666666666666666
407,0,0.20833333333333331
408,0,0.5
409,1,0.4583333333333333
410,0,0.20833333333333331
411,0,0.5
412,0,0.4166666666666667
413,0,0.5833333333333334
414,1,0.5
415,0,0.25
416,1,0.20833333333333331
417,0,0.25
418,1,0.20833333333333331
419,0,0.4583333333333333
420,0,0.5416666666666666
421,1,0.5
422,0,0.5416666666666666
423,0,0.2916666666666667
424,1,0.25
425,2,0.3333333333333333
426,0,0.4166666666666667
427,0,0.3333333333333333
428,0,0.4583333333333333
429,0,0.4166666666666667
430,1,0.4583333333333333
431,0,0.16666666666666666
432,0,0.5416666666666666
433,0,0.20833333333333331
434,1,0.25
435,0,0.25
436,0,0.2916666666666667
437,0,0.5416666666666666
438,0,0.20833333333333331
439,0,0.5
440,0,0.16666666666666666
441,0,0.4583333333333333
442,0,0.5416666666666666
443,2,0.2916666666666667
444,0,0.5416666666666666
445,0,0.25
446,0,0.25
447,0,0.375
448,1,0.3333333333333333
449,0,0.25
450,0,0.3333333333333333
451,0,0.25
452,1,0.5416666666666666
453,1,0.5
454,0,0.25
455,0,0.16666666666666666
456,0,0.5416666666666666
457,0,0.20833333333333331
458,1,0.5416666666666666
459,0,0.375
460,0,0.25
461,0,0.5416666666666666
462,1,0.5833333333333334
463,0,0.3333333333333333
464,0,0.4583333333333333
465,0,0.4166666666666667
466,1,0.25
467,1,0.25
468,0,0.5
469,0,0.375
470,0,0.3333333333333333
471,0,0.125
472,0,0.625
473,0,0.20833333333333331
474,0,0.25
475,0,0.375
476,0,0.3333333333333333
477,0,0.4583333333333333
478,1,0.4166666666666667
479,0,0.5833333333333334
480,0,0.20833333333333331
481,0,0.3333333333333333
482,0,0.125
483,0,0.4166666666666667
484,1,0.375
485,0,0.25
486,0,0.20833333333333331
487,0,0.5416666666666666
488,1,0.375
489,0,0.2916666666666667
490,0,0.25
491,0,0.4166666666666667
492,0,0.20833333333333331
493,0,0.4166666666666667
494,2,0.5833333333333334
495,0,0.5833333333333334
496,0,0.20833333333333331
497,0,0.4583333333333333
498,0,0.375
499,0,0.5416666666666666
500,0,0.5416666666666666
501,0,0.375
502,0,0.4166666666666667
503,0,0.3333333333333333
504,0,0.4583333333333333
505,0,0.375
506,0,0.3333333333333333
507,0,0.25
508,0,0.5833333333333334
509,1,0.25
510,0,0.20833333333333331
511,0,0.125
512,1,0.375
513,0,0.20833333333333331
514,1,0.20833333333333331
515,0,0.4166666666666667
516,0,0.125
517,0,0.6666666666666666
518,0,0.375
519,0,0.5416666666666666
520,1,0.20833333333333331
521,0,0.5416666666666666
522,0,0.4583333333333333
523,1,0.4166666666666667
524,0,0.3333333333333333
525,0,0.25
526,0,0.3333333333333333
527,0,0.25
528,0,0.2916666666666667
529,1,0.5416666666666666
530,0,0.04166666666666666
531,0,0.5
532,0,0.5833333333333334
533,0,0.16666666666666666
534,0,0.4166666666666667
535,0,0.16666666666666666
536,2,0.25
537,1,0.4166666666666667
538,2,0.2916666666666667
539,1,0.25
540,0,0.5833333333333334
541,1,0.125
542,1,0.2916666666666667
543,0,0.125
544,0,0.4166666666666667
545,1,0.3333333333333333
546,0,0.25
547,2,0.4166666666666667
548,0,0.375
549,0,0.25
550,0,0.5
551,0,0.4583333333333333
552,1,0.20833333333333331
553,0,0.6666666666666666
554,1,0.5416666666666666
555,0,0.125
556,0,0.20833333333333331
557,0,0.4166666666666667
558,0,0.3333333333333333
559,1,0.25
560,0,0.25
561,0,0.5
562,1,0.5
563,1,0.5833333333333334
564,0,0.625
565,0,0.3333333333333333
566,0,0.25
567,0,0.16666666666666666
568,0,0.25
569,0,0.2916666666666667
570,1,0.375
571,0,0.4166666666666667
572,0,0.4166666666666667
573,0,0.125
574,0,0.3333333333333333
575,0,0.4166666666666667
576,1,0.4166666666666667
577,0,0.25
578,0,0.5
579,0,0.3333333333333333
580,0,0.2916666666666667
581,0,0.5
582,0,0.125
583,0,0.25
584,0,0.3333333333333333
585,0,0.4166666666666667
586,0,0.625
587,0,0.4166666666666667
588,1,0.25
589,0,0.5833333333333334
590,0,0.16666666666666666
591,0,0.375
592,0,0.125
593,0,0.25
594,2,0.2916666666666667
595,0,0.16666666666666666
596,1,0.5
597,0,0.5
598,0,0.5833333333333334
599,0,0.4166666666666667
600,0,0.25
601,0,0.2916666666666667
602,0,0.3333333333333333
603,0,0.3333333333333333
604,0,0.5
605,1,0.375
606,0,0.3333333333333333
607,1,0.2916666666666667
608,0,0.4166666666666667
609,0,0.3333333333333333
610,0,0.25
611,0,0.3333333333333333
612,0,0.2916666666666667
613,0,0.5
614,0,0.125
615,1,0.4166666666666667
616,0,0.5416666666666666
617,1,0.3333333333333333
618,0,0.5833333333333334
619,1,0.5
620,0,0.3333333333333333
621,0,0.25
622,0,0.16666666666666666
623,0,0.2916666666666667
624,0,0.4166666666666667
625,0,0.2916666666666667
626,1,0.25
627,1,0.5
628,0,0.4583333333333333
629,0,0.16666666666666666
630,0,0.3333333333333333
631,0,0.125
632,1,0.25
633,0,0.3333333333333333
634,1,0.2916666666666667
635,0,0.375
636,0,0.4583333333333333
637,1,0.4583333333333333
638,0,0.125
639,0,0.5
640,1,0.4166666666666667
641,0,0.4166666666666667
642,0,0.3333333333333333
643,0,0.2916666666666667
644,1,0.4583333333333333
645,0,0.125
646,1,0.2916666666666667
647,0,0.125
648,2,0.3333333333333333
649,1,0.5
650,0,0.375
651,1,0.375
652,0,0.5
653,0,0.2916666666666667
654,0,0.3333333333333333
655,0,0.125
656,1,0.2916666666666667
657,0,0.4166666666666667
658,0,0.5833333333333334
659,0,0.3333333333333333
660,1,0.2916666666666667
661,0,0.08333333333333333
662,0,0.16666666666666666
663,1,0.5416666666666666
664,0,0.3333333333333333
665,0,0.16666666666666666
666,0,0.5
667,0,0.125
668,1,0.375
669,2,0.5833333333333334
670,0,0.16666666666666666
671,0,0.4166666666666667
672,0,0.08333333333333333
673,1,0.4166666666666667
674,0,0.125
675,0,0.3333333333333333
676,0,0.16666666666666666
677,0,0.3333333333333333
678,0,0.625
679,0,0.5
680,0,0.4166666666666667
681,1,0.16666666666666666
682,0,0.375
683,2,0.3333333333333333
684,0,0.5
685,0,0.5833333333333334
686,0,0.3333333333333333
687,0,0.125
688,0,0.3333333333333333
689,1,0.16666666666666666
690,0,0.5416666666666666
691,1,0.625
692,0,0.125
693,1,0.4166666666666667
694,0,0.3333333333333333
695,0,0.20833333333333331
696,1,0.375
697,1,0.08333333333333333
698,0,0.5
699,0,0.2916666666666667
700,1,0.4583333333333333
701,1,0.5
702,2,0.16666666666666666
703,0,0.4166666666666667
704,0,0.16666666666666666
705,0,0.4166666666666667
706,1,0.3333333333333333
707,1,0.4583333333333333
708,0,0.20833333333333331
709,1,0.6666666666666666
710,0,0.4166666666666667
711,0,0.5
712,0,0.4583333333333333
713,1,0.08333333333333333
714,0,0.5416666666666666
715,1,0.3333333333333333
716,0,0.2916666666666667
717,1,0.125
718,0,0.20833333333333331
719,0,0.5
720,2,0.125
721,0,0.2916666666666667
722,0,0.08333333333333333
723,1,0.20833333333333331
724,0,0.6666666666666666
725,1,0.375
726,1,0.375
727,0,0.4583333333333333
728,1,0.5
729,1,0.16666666666666666
730,0,0.20833333333333331
731,0,0.4583333333333333
732,0,0.4166666666666667
733,0,0.5
734,0,0.5
735,0,0.375
736,0,0.4583333333333333
737,1,0.5
738,0,0.20833333333333331
739,1,0.625
740,0,0.4166666666666667
741,1,0.08333333333333333
742,0,0.20833333333333331
743,0,0.375
744,0,0.4166666666666667
745,0,0.20833333333333331
746,1,0.4583333333333333
747,1,0.4166666666666667
748,0,0.4583333333333333
749,1,0.25
750,0,0.25
751,2,0.4583333333333333
752,1,0.4166666666666667
753,0,0.4583333333333333
754,0,0.20833333333333331
755,0,0.20833333333333331
756,0,0.16666666666666666
757,0,0.5
758,0,0.625
759,1,0.4583333333333333
760,0,0.3333333333333333
761,0,0.25
762,0,0.4583333333333333
763,0,0.4166666666666667
764,0,0.5416666666666666
765,0,0.5
766,0,0.2916666666666667
767,0,0.20833333333333331
768,1,0.4166666666666667
769,3,0.5416666666666666
770,0,0.4583333333333333
771,0,0.375
772,0,0.25
773,0,0.375
774,1,0.125
775,0,0.4166666666666667
776,0,0.3333333333333333
777,1,0.125
778,1,0.4583333333333333
779,0,0.2916666666666667
780,2,0.08333333333333333
781,1,0.3333333333333333
782,1,0.4166666666666667
783,1,0.3333333333333333
784,0,0.16666666666666666
785,1,0.4583333333333333
786,1,0.5
787,1,0.6666666666666666
788,1,0.4583333333333333
789,0,0.5
790,0,0.125
791,0,0.125
792,0,0.25
793,0,0.375
794,0,0.3333333333333333
795,1,0.375
796,2,0.16666666666666666
797,1,0.5416666666666666
798,3,0.3333333333333333
799,0,0.5833333333333334
800,0,0.25
801,1,0.6666666666666666
802,0,0.5833333333333334
803,0,0.125
804,0,0.5
805,1,0.125
806,0,0.375
807,1,0.4583333333333333
808,0,0.5
809,0,0.3333333333333333
810,3,0.5
811,0,0.5416666666666666
812,0,0.4166666666666667
813,1,0.125
814,0,0.4583333333333333
815,2,0.625
816,3,0.5
817,1,0.20833333333333331
818,0,0.4166666666666667
819,0,0.5416666666666666
820,0,0.125
821,0,0.25
822,1,0.7083333333333334
823,0,0.3333333333333333
824,0,0.125
825,0,0.625
826,2,0.16666666666666666
827,0,0.5
828,0,0.25
829,2,0.4583333333333333
830,0,0.375
831,1,0.25
832,2,0.5416666666666666
833,0,0.125
834,2,0.5416666666666666
835,0,0.625
836,1,0.3333333333333333
837,2,0.4166666666666667
838,0,0.2916666666666667
839,0,0.25
840,0,0.4583333333333333
841,0,0.125
842,0,0.125
843,1,0.5833333333333334
844,0,0.2916666666666667
845,0,0.625
846,0,0.125
847,0,0.3333333333333333
848,1,0.625
849,1,0.625
850,2,0.25
851,1,0.625
852,1,0.5416666666666666
853,2,0.5
854,0,0.2916666666666667
855,0,0.2916666666666667
856,0,0.2916666666666667
857,0,0.75
858,0,0.4166666666666667
859,0,0.125
860,0,0.75
861,0,0.3333333333333333
862,0,0.08333333333333333
863,0,0.2916666666666667
864,1,0.5833333333333334
865,0,0.6666666666666666
866,0,0.25
867,1,0.6666666666666666
868,1,0.5833333333333334
869,0,0.2916666666666667
870,1,0.6666666666666666
871,0,0.4166666666666667
872,1,0.125
873,1,0.5416666666666666
874,0,0.25
875,0,0.3333333333333333
876,0,0.7083333333333334
877,1,0.5833333333333334
878,1,0.3333333333333333
879,0,0.625
880,0,0.25
881,0,0.6666666666666666
882,1,0.25
883,0,0.25
884,0,0.08333333333333333
885,0,0.75
886,0,0.375
887,2,0.7083333333333334
888,0,0.5833333333333334
889,0,0.3333333333333333
890,0,0.6666666666666666
891,0,0.7083333333333334
892,0,0.4166666666666667
893,0,0.25
894,1,0.16666666666666666
895,0,0.2916666666666667
896,0,0.75
897,0,0.2916666666666667
898,0,0.7083333333333334
899,1,0.5416666666666666
900,0,0.25
901,0,0.08333333333333333
902,1,0.3333333333333333
903,1,0.4166666666666667
904,2,0.5416666666666666
905,2,0.6666666666666666
906,0,0.7916666666666666
907,0,0.20833333333333331
908,0,0.25
909,1,0.625
910,0,0.2916666666666667
911,0,0.375
912,0,0.2916666666666667
913,0,0.125
914,1,0.4583333333333333
915,0,0.2916666666666667
916,0,0.5
917,0,0.4166666666666667
918,0,0.5833333333333334
919,0,0.3333333333333333
920,0,0.3333333333333333
921,0,0.125
922,0,0.375
923,0,0.3333333333333333
924,1,0.16666666666666666
925,0,0.4166666666666667
926,1,0.375
927,0,0.20833333333333331
928,1,0.7083333333333334
929,0,0.4583333333333333
930,0,0.08333333333333333
931,1,0.75
932,0,0.625
933,0,0.25
934,0,0.375
935,0,0.625
936,0,0.5833333333333334
937,0,0.375
938,0,0.2916666666666667
939,0,0.6666666666666666
940,0,0.20833333333333331
941,0,0.25
942,0,0.2916666666666667
943,1,0.75
944,2,0.5416666666666666
945,1,0.5833333333333334
946,2,0.625
947,0,0.375
948,1,0.5833333333333334
949,0,0.375
950,0,0.7916666666666666
951,0,0.08333333333333333
952,0,0.25
953,0,0.75
954,0,0.4166666666666667
955,0,0.25
956,2,0.20833333333333331
957,0,0.7916666666666666
958,0,0.2916666666666667
959,0,0.25
960,0,0.75
961,0,0.08333333333333333
962,0,0.25
963,0,0.375
964,0,0.375
965,0,0.7916666666666666
966,0,0.625
967,0,0.2916666666666667
968,1,0.20833333333333331
969,1,0.625
970,1,0.7916666666666666
971,1,0.5833333333333334
972,0,0.25
973,1,0.375
974,0,0.2916666666666667
975,2,0.7083333333333334
976,0,0.7083333333333334
977,0,0.7916666666666666
978,0,0.08333333333333333
979,0,0.4166666666666667
980,0,0.625
981,0,0.6666666666666666
982,1,0.375
983,0,0.2916666666666667
984,1,0.625
985,0,0.25
986,0,0.75
987,0,0.25
988,1,0.8333333333333334
989,0,0.25
990,1,0.2916666666666667
991,1,0.375
992,3,0.7916666666666666
993,1,0.375
994,0,0.6666666666666666
995,0,0.08333333333333333
996,1,0.7083333333333334
997,0,0.7083333333333334
998,0,0.20833333333333331
999,0,0.25
1000,1,0.875
1001,0,0.3333333333333333
1002,0,0.25
1003,2,0.3333333333333333
1004,2,0.4166666666666667
1005,0,0.6666666666666666
1006,0,0.2916666666666667
1007,0,0.625
1008,0,0.25
1009,1,0.9166666666666666
1010,0,0.4166666666666667
1011,0,0.08333333333333333
1012,0,0.6666666666666666
1013,0,0.7083333333333334
1014,0,0.6666666666666666
1015,0,0.4166666666666667
1016,0,0.16666666666666666
1017,0,0.75
1018,1,0.20833333333333331
1019,0,0.5833333333333334
1020,0,0.5
1021,1,0.9166666666666666
1022,0,0.3333333333333333
1023,0,0.2916666666666667
1024,2,0.7083333333333334
1025,0,0.25
1026,0,0.04166666666666666
1027,0,0.2916666666666667
1028,0,0.5833333333333334
1029,0,0.5
1030,1,0.9583333333333334
1031,0,0.3333333333333333
1032,1,0.25
1033,0,0.625
1034,1,0.375
1035,0,0.4166666666666667
1036,0,0.7083333333333334
1037,0,0.625
1038,1,0.9583333333333334
1039,2,0.16666666666666666
1040,0,0.4166666666666667
1041,0,0.4583333333333333
1042,0,0.5416666666666666
1043,0,0.375
1044,1,0.3333333333333333
1045,1,0.20833333333333331
1046,1,0.3333333333333333
1047,0,0.4583333333333333
1048,0,0.2916666666666667
1049,0,0.2916666666666667
1050,0,0.25
1051,0,0.20833333333333331
1052,0,0.4166666666666667
1053,1,0.2916666666666667
1054,0,0.08333333333333333
1055,0,0.125
1056,0,0.4583333333333333
1057,0,0.20833333333333331
1058,3,0.25
1059,0,0.2916666666666667
1060,1,0.125
1061,0,0.5416666666666666
1062,1,0.25
1063,0,0.4166666666666667
1064,0,0.375
1065,0,0.375
1066,4,0.20833333333333331
1067,0,0.375
1068,0,0.08333333333333333
1069,1,0.375
1070,0,0.375
1071,0,0.2916666666666667
1072,0,0.2916666666666667
1073,3,0.5416666666666666
1074,0,0.16666666666666666
1075,1,0.375
1076,0,0.2916666666666667
1077,1,0.375
1078,0,0.4166666666666667
1079,1,0.4583333333333333
1080,0,0.375
1081,0,0.375
1082,0,0.20833333333333331
1083,0,0.3333333333333333
1084,0,0.16666666666666666
1085,0,0.08333333333333333
1086,0,0.375
1087,1,0.4166666666666667
1088,3,0.4583333333333333
1089,0,0.3333333333333333
1090,0,0.4166666666666667
1091,0,0.25
1092,0,0.125
1093,0,0.3333333333333333
1094,0,0.4166666666666667
1095,1,0.20833333333333331
1096,0,0.625
1097,1,0.5
1098,2,0.3333333333333333
1099,1,0.125
1100,2,0.375
1101,1,0.25
1102,0,0.08333333333333333
1103,0,0.3333333333333333
1104,0,0.20833333333333331
1105,1,0.25
1106,0,0.5416666666666666
1107,1,0.08333333333333333
1108,1,0.375
1109,0,0.5416666666666666
1110,1,0.25
1111,1,0.125
1112,1,0.4583333333333333
1113,0,0.5833333333333334
1114,0,0.16666666666666666
1115,2,0.3333333333333333
1116,2,0.3333333333333333
1117,0,0.375
1118,0,0.3333333333333333
1119,1,0.4166666666666667
1120,4,0.5
1121,0,0.16666666666666666
1122,0,0.16666666666666666
1123,2,0.2916666666666667
1124,0,0.2916666666666667
1125,0,0.5416666666666666
1126,1,0.3333333333333333
1127,1,0.5
1128,0,0.5416666666666666
1129,1,0.4583333333333333
1130,0,0.4166666666666667
1131,2,0.3333333333333333
1132,0,0.16666666666666666
1133,1,0.2916666666666667
1134,0,0.125
1135,0,0.4166666666666667
1136,0,0.6666666666666666
1137,2,0.3333333333333333
1138,0,0.5416666666666666
1139,0,0.16666666666666666
1140,0,0.125
1141,0,0.16666666666666666
1142,1,0.5
1143,1,0.4166666666666667
1144,0,0.5
1145,0,0.3333333333333333
1146,1,0.4166666666666667
1147,0,0.375
1148,0,0.3333333333333333
1149,0,0.25
1150,2,0.5
1151,1,0.08333333333333333
1152,1,0.5416666666666666
1153,1,1.0
1154,0,0.2916666666666667
1155,2,0.75
1156,2,0.5833333333333334
1157,2,0.375
1158,0,0.625
1159,0,0.5833333333333334
1160,0,0.25
1161,1,0.04166666666666666
1162,2,0.25
1163,-1,1.0
1164,1,0.5
1165,0,0.4166666666666667
1166,0,0.3333333333333333
1167,0,0.2916666666666667
1168,1,0.875
1169,0,0.5833333333333334
1170,0,0.4166666666666667
1171,1,0.3333333333333333
1172,0,0.2916666666666667
1173,0,0.9583333333333334
1174,1,0.5416666666666666
1175,0,0.3333333333333333
1176,0,0.5
1177,1,0.9166666666666666
1178,1,0.4583333333333333
1179,1,0.5833333333333334
1180,1,0.5416666666666666
1181,1,0.7083333333333334
1182,0,0.25
1183,0,0.08333333333333333
1184,1,0.08333333333333333
1185,0,0.7083333333333334
1186,0,0.5833333333333334
1187,2,0.9166666666666666
1188,0,0.4166666666666667
1189,0,0.4166666666666667
1190,1,0.5416666666666666
1191,0,0.4583333333333333
1192,1,0.3333333333333333
1193,3,0.875
1194,2,0.9583333333333334
1195,0,0.5
1196,0,0.3333333333333333
1197,2,0.5833333333333334
1198,2,0.25
1199,0,0.2916666666666667
1200,1,0.9583333333333334
1201,1,0.3333333333333333
1202,0,0.875
1203,0,0.5416666666666666
1204,2,0.2916666666666667
1205,0,0.4166666666666667
1206,0,0.6666666666666666
1207,0,0.08333333333333333
1208,0,0.08333333333333333
1209,0,1.0416666666666667
1210,0,0.5416666666666666
1211,0,0.375
1212,0,0.375
1213,0,0.4583333333333333
1214,0,0.6666666666666666
1215,0,0.5
1216,1,0.5833333333333334
1217,0,0.3333333333333333
1218,1,0.375
1219,0,0.5833333333333334
1220,0,0.3333333333333333
1221,0,0.9166666666666666
1222,1,0.875
1223,0,0.5833333333333334
1224,0,0.875
1225,1,0.08333333333333333
1226,2,0.375
1227,0,0.375
1228,1,0.375
1229,0,0.3333333333333333
1230,0,0.625
1231,0,0.375
1232,1,0.5
1233,0,0.5833333333333334
1234,3,0.9583333333333334
1235,2,0.5416666666666666
1236,1,0.3333333333333333
1237,0,0.375
1238,2,0.8333333333333334
1239,1,0.375
1240,0,0.2916666666666667
1241,3,0.375
1242,1,0.375
1243,0,0.5416666666666666
1244,3,0.3333333333333333
1245,0,0.5833333333333334
1246,0,0.125
1247,0,0.9166666666666666
1248,0,0.5416666666666666
1249,0,0.5416666666666666
1250,0,0.3333333333333333
1251,1,0.875
1252,0,0.5833333333333334
1253,1,0.2916666666666667
1254,0,1.0416666666666667
1255,1,0.4583333333333333
1256,2,0.4166666666666667
1257,0,0.375
1258,0,0.4166666666666667
1259,1,0.5416666666666666
1260,0,0.9166666666666666
1261,0,0.5
1262,0,0.2916666666666667
1263,2,0.5
1264,0,0.5416666666666666
1265,1,0.3333333333333333
1266,2,0.5416666666666666
1267,0,0.125
1268,1,0.5416666666666666
1269,0,0.9166666666666666
1270,1,1.0416666666666667
1271,0,0.5
1272,2,0.4583333333333333
1273,1,0.4166666666666667
1274,1,0.375
1275,1,0.5833333333333334
1276,0,0.125
1277,2,0.375
1278,0,0.5
1279,0,0.5833333333333334
1280,0,0.5833333333333334
1281,1,1.0833333333333333
1282,2,0.5416666666666666
1283,0,0.5416666666666666
1284,0,0.9166666666666666
1285,0,0.4583333333333333
1286,0,0.375
1287,0,0.5
1288,0,0.5833333333333334
1289,0,0.5
1290,0,0.2916666666666667
1291,0,0.9166666666666666
1292,0,0.5
1293,0,1.125
1294,2,0.5833333333333334
1295,1,0.5
1296,2,0.7916666666666666
1297,2,0.25
1298,2,0.25
1299,0,0.5833333333333334
1300,2,0.4166666666666667
1301,0,0.08333333333333333
1302,0,0.4583333333333333
1303,0,0.4166666666666667
1304,0,0.625
1305,2,0.625
1306,2,0.9583333333333334
1307,1,0.9583333333333334
1308,0,0.3333333333333333
1309,0,0.5
1310,1,0.2916666666666667
1311,1,0.25
1312,0,0.9166666666666666
1313,1,0.5833333333333334
1314,0,0.5
1315,0,0.125
1316,1,0.9166666666666666
1317,2,0.4583333333333333
1318,0,0.25
1319,2,0.6666666666666666
1320,0,0.5416666666666666
1321,0,0.5416666666666666
1322,0,1.0416666666666667
1323,0,0.3333333333333333
1324,1,0.5
1325,0,0.5
1326,1,0.4166666666666667
1327,0,0.5
1328,0,0.125
1329,0,0.9583333333333334
1330,1,0.5
1331,0,0.5416666666666666
1332,1,0.5
1333,3,0.5416666666666666
1334,0,0.25
1335,0,0.5416666666666666
1336,0,0.4583333333333333
1337,0,0.875
1338,0,0.75
1339,0,0.3333333333333333
1340,0,0.4583333333333333
1341,1,1.0
1342,1,0.5416666666666666
1343,1,0.625
1344,1,0.875
1345,1,0.875
1346,2,0.5416666666666666
1347,1,0.75
1348,1,0.3333333333333333
1349,2,0.125
1350,0,0.6666666666666666
1351,0,0.4583333333333333
1352,1,1.0416666666666667
1353,3,0.5
1354,2,0.5416666666666666
1355,1,0.20833333333333331
1356,0,0.4583333333333333
1357,0,0.5
1358,3,0.6666666666666666
1359,1,0.4583333333333333
1360,1,0.9166666666666666
1361,0,0.625
1362,0,0.20833333333333331
1363,0,0.75
1364,1,0.8333333333333334
1365,2,1.0416666666666667
1366,0,0.375
1367,1,0.6666666666666666
1368,2,0.625
1369,1,0.625
1370,0,0.4583333333333333
1371,0,0.4583333333333333
1372,0,0.5
1373,2,0.20833333333333331
1374,2,0.7916666666666666
1375,0,0.4166666666666667
1376,2,0.9583333333333334
1377,0,0.20833333333333331
1378,0,0.4583333333333333
1379,0,0.5
1380,0,0.3333333333333333
1381,1,0.4166666666666667
1382,0,0.6666666666666666
1383,0,0.8333333333333334
1384,1,0.2916666666666667
1385,0,1.0833333333333333
1386,0,0.6666666666666666
1387,1,0.625
1388,1,0.4583333333333333
1389,0,0.875
1390,0,0.75
1391,0,0.6666666666666666
1392,0,0.20833333333333331
1393,1,0.4583333333333333
1394,0,0.6666666666666666
1395,0,0.75
1396,0,0.25
1397,0,0.3333333333333333
1398,0,0.75
1399,0,0.6666666666666666
1400,1,1.0416666666666667
1401,1,0.4583333333333333
1402,0,0.6666666666666666
1403,1,1.0416666666666667
1404,1,0.375
1405,1,0.625
1406,0,0.5
1407,0,0.8333333333333334
1408,1,1.0833333333333333
1409,1,0.5
1410,0,0.20833333333333331
1411,0,0.3333333333333333
1412,1,0.5
1413,0,0.4166666666666667
1414,1,0.7083333333333334
1415,0,0.25
1416,0,0.6666666666666666
1417,0,0.75
1418,2,0.625
1419,1,1.0416666666666667
1420,0,0.5
1421,0,0.6666666666666666
1422,0,0.8333333333333334
1423,0,0.6666666666666666
1424,0,0.08333333333333333
1425,1,0.3333333333333333
1426,0,0.5416666666666666
1427,0,0.7083333333333334
1428,2,1.0
1429,0,0.4583333333333333
1430,0,0.4166666666666667
1431,1,0.625
1432,0,0.5
1433,0,0.875
1434,0,0.2916666666666667
1435,1,1.0
1436,0,0.5
1437,0,0.2916666666666667
1438,0,0.3333333333333333
1439,1,0.3333333333333333
1440,4,0.875
1441,1,0.5416666666666666
1442,1,1.0416666666666667
1443,1,0.5
1444,0,0.4583333333333333
1445,0,0.08333333333333333
1446,1,0.625
1447,0,0.5
1448,1,0.6666666666666666
1449,2,0.2916666666666667
1450,2,1.0416666666666667
1451,0,0.375
1452,0,0.3333333333333333
1453,0,0.375
1454,0,0.2916666666666667
1455,1,0.375
1456,0,0.08333333333333333
1457,2,0.6666666666666666
1458,0,0.5833333333333334
1459,0,0.9583333333333334
1460,1,0.375
1461,0,0.5416666666666666
1462,2,0.7083333333333334
1463,1,0.3333333333333333
1464,0,0.375
1465,0,0.4583333333333333
1466,1,0.375
1467,1,0.3333333333333333
1468,0,0.5
1469,1,1.0
1470,0,0.2916666666666667
1471,3,0.9583333333333334
1472,2,1.0
1473,0,0.9166666666666666
1474,0,0.4166666666666667
1475,0,0.75
1476,0,0.375
1477,0,0.25
1478,1,0.5416666666666666
1479,0,0.5416666666666666
1480,0,0.3333333333333333
1481,0,0.7916666666666666
1482,0,1.0833333333333333
1483,1,0.5
1484,1,0.4166666666666667
1485,0,0.08333333333333333
1486,0,0.375
1487,2,0.375
1488,1,0.9583333333333334
1489,0,0.3333333333333333
1490,0,0.08333333333333333
1491,0,0.375
1492,0,0.5
1493,0,0.3333333333333333
1494,0,0.6666666666666666
1495,0,1.0
1496,0,0.7916666666666666
1497,1,0.5833333333333334
1498,2,0.4166666666666667
1499,1,0.4166666666666667
1500,1,0.5416666666666666
1501,0,0.9166666666666666
1502,2,0.25
1503,0,0.4166666666666667
1504,1,1.0
1505,1,0.3333333333333333
1506,0,0.08333333333333333
1507,1,0.5
1508,2,0.5
1509,0,0.4166666666666667
1510,2,0.875
1511,0,0.7083333333333334
1512,0,0.2916666666666667
1513,2,0.4583333333333333
1514,0,0.625
1515,0,0.3333333333333333
1516,2,0.9583333333333334
1517,0,0.625
1518,0,0.4166666666666667
1519,0,0.3333333333333333
1520,0,0.4166666666666667
1521,0,0.08333333333333333
1522,1,0.5833333333333334
1523,0,0.5833333333333334
1524,0,0.375
1525,0,0.25
1526,1,0.7083333333333334
1527,0,0.2916666666666667
1528,0,0.5
1529,0,0.5833333333333334
1530,1,1.0
1531,1,0.875
1532,0,0.5416666666666666
1533,1,0.4166666666666667
1534,1,0.3333333333333333
1535,1,0.875
1536,0,0.20833333333333331
1537,1,0.7083333333333334
1538,0,0.5416666666666666
1539,0,0.6666666666666666
1540,0,0.7083333333333334
1541,0,0.625
1542,0,0.3333333333333333
1543,0,0.8333333333333334
1544,0,0.6666666666666666
1545,2,0.625
1546,0,1.0416666666666667
1547,1,1.0416666666666667
1548,0,0.4166666666666667
1549,0,0.5416666666666666
1550,0,0.5
1551,1,0.25
1552,0,0.3333333333333333
1553,1,0.6666666666666666
1554,1,0.75
1555,0,0.8333333333333334
1556,0,0.375
1557,1,0.625
1558,0,0.5833333333333334
1559,0,0.5416666666666666
1560,2,0.4583333333333333
1561,0,0.5833333333333334
1562,0,0.5416666666666666
1563,0,0.7916666666666666
1564,0,0.7083333333333334
1565,0,0.3333333333333333
1566,1,1.0833333333333333
1567,0,0.5416666666666666
1568,0,0.75
1569,0,1.125
1570,0,0.3333333333333333
1571,1,0.5
1572,0,0.5833333333333334
1573,0,0.6666666666666666
1574,1,0.375
1575,0,0.5416666666666666
1576,0,0.5
1577,0,0.6666666666666666
1578,0,0.8333333333333334
1579,0,0.6666666666666666
1580,0,0.2916666666666667
1581,0,0.5416666666666666
1582,0,0.5416666666666666
1583,1,0.75
1584,0,0.4583333333333333
1585,1,0.5833333333333334
1586,1,0.5833333333333334
1587,0,0.5416666666666666
1588,1,0.75
1589,1,0.2916666666666667
1590,0,0.5416666666666666
1591,0,0.6666666666666666
1592,0,0.3333333333333333
1593,0,0.5
1594,3,0.6666666666666666
1595,1,0.2916666666666667
1596,0,0.6666666666666666
1597,1,1.0416666666666667
1598,1,0.625
1599,0,0.5416666666666666
1600,0,0.5
1601,0,0.625
1602,0,0.5416666666666666
1603,1,0.625
1604,0,0.6666666666666666
1605,0,0.4166666666666667
1606,1,0.625
1607,0,0.4583333333333333
1608,0,0.3333333333333333
1609,1,0.6666666666666666
1610,0,0.5833333333333334
1611,2,0.7916666666666666
1612,0,0.5
1613,0,0.6666666666666666
1614,0,0.5416666666666666
1615,1,0.3333333333333333
1616,1,0.7916666666666666
1617,0,0.625
1618,0,0.3333333333333333
1619,0,0.5416666666666666
1620,0,1.0416666666666667
1621,0,0.5
1622,0,0.4583333333333333
1623,0,0.7083333333333334
1624,0,0.4583333333333333
1625,1,0.3333333333333333
1626,0,0.7083333333333334
1627,0,1.0416666666666667
1628,0,0.625
1629,3,0.875
1630,1,0.9166666666666666
1631,0,0.5
1632,0,0.625
1633,1,0.375
1634,0,0.6666666666666666
1635,1,0.625
1636,0,0.5
1637,0,0.5833333333333334
1638,0,0.7083333333333334
1639,0,0.5
1640,1,0.4166666666666667
1641,1,0.2916666666666667
1642,0,1.0
1643,0,0.3333333333333333
1644,0,0.6666666666666666
1645,0,0.5
1646,1,0.4583333333333333
1647,1,0.3333333333333333
1648,0,0.375
1649,2,1.0
1650,0,0.4583333333333333
1651,1,0.5
1652,0,0.625
1653,1,0.9583333333333334
1654,0,0.4166666666666667
1655,1,0.6666666666666666
1656,0,0.5
1657,0,0.4166666666666667
1658,3,0.3333333333333333
1659,2,0.5833333333333334
1660,1,0.375
1661,1,0.375
1662,2,0.5
1663,0,0.5
1664,1,0.4166666666666667
1665,0,0.4166666666666667
1666,0,0.5
1667,0,0.5
1668,0,0.375
1669,0,0.6666666666666666
1670,0,0.4166666666666667
1671,0,0.9166666666666666
1672,1,0.625
1673,2,0.6666666666666666
1674,1,0.4583333333333333
1675,0,1.0416666666666667
1676,0,0.4166666666666667
1677,0,0.6666666666666666
1678,0,0.3333333333333333
1679,0,0.5833333333333334
1680,3,1.0
1681,1,0.5
1682,0,0.75
1683,0,0.7083333333333334
1684,0,0.2916666666666667
1685,1,0.375
1686,0,0.5833333333333334
1687,2,1.0
1688,1,0.5416666666666666
1689,0,0.16666666666666666
1690,0,0.6666666666666666
1691,1,0.3333333333333333
1692,0,0.5
1693,1,0.6666666666666666
1694,1,0.8333333333333334
1695,1,0.5416666666666666
1696,1,0.6666666666666666
1697,0,0.4166666666666667
1698,1,0.9166666666666666
1699,0,0.2916666666666667
1700,0,0.75
1701,0,0.4166666666666667
1702,1,0.5833333333333334
1703,0,0.4166666666666667
1704,0,0.5833333333333334
1705,2,0.5
1706,0,0.4583333333333333
1707,0,0.375
1708,1,0.6666666666666666
1709,0,0.4166666666666667
1710,3,0.9583333333333334
1711,0,0.5
1712,2,0.5
1713,1,0.7083333333333334
1714,1,0.375
1715,1,0.7083333333333334
1716,1,0.5833333333333334
1717,1,0.4166666666666667
1718,0,0.4166666666666667
1719,1,0.5833333333333334
1720,1,0.4583333333333333
1721,0,0.9583333333333334
1722,1,0.5416666666666666
1723,1,0.3333333333333333
1724,0,0.375
1725,0,1.0
1726,0,0.2916666666666667
1727,1,0.7083333333333334
1728,0,0.4583333333333333
1729,2,0.5416666666666666
1730,1,0.9166666666666666
1731,0,0.5833333333333334
1732,1,0.75
1733,1,0.4166666666666667
1734,2,0.4166666666666667
1735,0,0.25
1736,0,0.5833333333333334
1737,0,0.875
1738,1,0.375
1739,0,0.5
1740,1,0.7083333333333334
1741,4,0.625
1742,0,0.375
1743,0,0.75
1744,3,0.7083333333333334
1745,0,0.7083333333333334
1746,1,0.75
1747,0,0.375
1748,0,0.5416666666666666
1749,0,0.4583333333333333
1750,0,0.5833333333333334
1751,0,0.9166666666666666
1752,2,0.4166666666666667
1753,1,0.375
1754,3,0.5
1755,0,0.5
1756,0,0.25
1757,0,0.6666666666666666
1758,0,0.75
1759,0,0.375
1760,0,0.7916666666666666
1761,0,0.75
1762,0,0.4166666666666667
1763,0,0.375
1764,0,0.9166666666666666
1765,1,0.625
1766,0,0.5416666666666666
1767,0,0.375
1768,0,0.4583333333333333
1769,0,0.5833333333333334
1770,2,0.4166666666666667
1771,0,0.25
1772,0,0.5833333333333334
1773,1,0.5416666666666666
1774,0,0.5
1775,0,0.6666666666666666
1776,0,0.7083333333333334
1777,0,0.5
1778,1,0.5833333333333334
1779,0,0.75
1780,3,0.5833333333333334
1781,0,0.4583333333333333
1782,1,0.6666666666666666
1783,3,0.4583333333333333
1784,0,0.5833333333333334
1785,0,0.4583333333333333
1786,0,0.3333333333333333
1787,1,0.4166666666666667
1788,0,0.25
1789,2,0.375
1790,0,0.6666666666666666
1791,0,0.9166666666666666
1792,0,0.875
1793,0,0.6666666666666666
1794,1,0.75
1795,0,0.4583333333333333
1796,0,0.5
1797,0,0.4583333333333333
1798,0,0.4583333333333333
1799,1,0.6666666666666666
1800,1,0.5416666666666666
1801,0,0.2916666666666667
1802,0,0.4583333333333333
1803,0,0.5833333333333334
1804,1,0.5833333333333334
1805,0,0.7083333333333334
1806,0,0.6666666666666666
1807,0,0.25
1808,1,0.16666666666666666
1809,0,0.4166666666666667
1810,1,0.5416666666666666
1811,3,0.625
1812,1,0.2916666666666667
1813,1,0.375
1814,3,0.5
1815,0,0.5
1816,0,0.5833333333333334
1817,0,0.8333333333333334
1818,0,1.0
1819,3,0.7083333333333334
1820,1,0.7083333333333334
1821,0,1.0416666666666667
1822,1,0.4166666666666667
1823,1,0.625
1824,1,1.0416666666666667
1825,1,0.5416666666666666
1826,1,0.75
1827,1,0.4166666666666667
1828,0,0.625
1829,1,0.9583333333333334
1830,1,0.625
1831,0,0.3333333333333333
1832,0,0.4166666666666667
1833,1,0.5
1834,0,0.75
1835,0,0.20833333333333331
1836,0,0.4583333333333333
1837,2,0.5833333333333334
1838,2,0.8333333333333334
1839,0,0.7083333333333334
1840,0,0.20833333333333331
1841,0,0.9166666666666666
1842,1,0.625
1843,0,0.4166666666666667
1844,1,0.5416666666666666
1845,0,0.5833333333333334
1846,0,0.5
1847,1,0.6666666666666666
1848,1,0.9166666666666666
1849,0,0.3333333333333333
1850,1,0.7083333333333334
1851,0,0.625
1852,0,0.4583333333333333
1853,0,0.4583333333333333
1854,0,0.9166666666666666
1855,1,0.75
1856,2,0.875
1857,0,0.4166666666666667
1858,0,0.6666666666666666
1859,0,0.9166666666666666
1860,1,0.2916666666666667
1861,0,0.20833333333333331
1862,1,0.625
1863,1,0.4166666666666667
1864,0,0.7083333333333334
1865,1,0.7916666666666666
1866,1,0.7083333333333334
1867,2,0.8333333333333334
1868,0,0.4583333333333333
1869,0,0.5
1870,0,0.4166666666666667
1871,0,0.5416666666666666
1872,0,0.875
1873,0,0.4166666666666667
1874,2,0.20833333333333331
1875,1,0.4583333333333333
1876,1,0.8333333333333334
1877,0,0.6666666666666666
1878,0,0.5416666666666666
1879,0,0.9166666666666666
1880,0,0.3333333333333333
1881,0,0.4166666666666667
1882,1,0.625
1883,0,0.9166666666666666
1884,2,0.5
1885,1,0.4166666666666667
1886,0,0.625
1887,0,0.7083333333333334
1888,2,0.6666666666666666
1889,0,0.3333333333333333
1890,1,0.5
1891,0,0.625
1892,1,0.5
1893,1,0.8333333333333334
1894,1,0.5833333333333334
1895,2,0.5416666666666666
1896,1,0.4166666666666667
1897,0,0.875
1898,1,0.9166666666666666
1899,0,0.375
1900,1,0.7083333333333334
1901,2,0.4583333333333333
1902,3,0.8333333333333334
1903,1,0.2916666666666667
1904,0,0.8333333333333334
1905,0,0.625
1906,0,0.3333333333333333
1907,0,0.625
1908,0,0.6666666666666666
1909,1,0.5416666666666666
1910,0,0.7916666666666666
1911,0,0.75
1912,1,0.5
1913,0,0.5416666666666666
1914,0,0.3333333333333333
1915,1,0.3333333333333333
1916,1,0.5416666666666666
1917,1,0.4583333333333333
1918,3,0.9583333333333334
1919,0,0.875
1920,1,0.4583333333333333
1921,0,0.5416666666666666
1922,1,0.8333333333333334
1923,1,0.6666666666666666
1924,3,0.75
1925,1,0.625
1926,0,0.4583333333333333
1927,1,0.4583333333333333
1928,3,0.5833333333333334
1929,0,0.5
1930,0,0.4583333333333333
1931,1,0.25
1932,1,0.2916666666666667
1933,0,0.7083333333333334
1934,1,0.6666666666666666
1935,1,0.5416666666666666
1936,4,0.6666666666666666
1937,0,0.4166666666666667
1938,0,0.375
1939,2,0.8333333333333334
1940,1,0.5833333333333334
1941,0,1.25
1942,2,0.7916666666666666
1943,1,1.0
1944,3,0.5833333333333334
1945,1,0.6666666666666666
1946,2,0.8333333333333334
1947,1,0.5
1948,0,0.375
1949,2,0.7916666666666666
1950,1,0.7083333333333334
1951,0,0.9166666666666666
1952,-1,0.7083333333333334
1953,0,0.7916666666666666
1954,3,0.875
1955,4,0.625
1956,3,1.2083333333333333
1957,1,0.8333333333333334
1958,1,0.4166666666666667
1959,1,0.375
1960,3,0.9166666666666666
1961,1,0.7083333333333334
1962,0,1.0416666666666667
1963,2,0.8333333333333334
1964,2,0.9166666666666666
1965,3,0.7083333333333334
1966,1,0.5416666666666666
1967,1,0.375
1968,1,0.6666666666666666
1969,2,0.4583333333333333
1970,-1,1.0
1971,1,1.0
1972,0,0.375
1973,1,1.0416666666666667
1974,2,1.0416666666666667
1975,1,1.2916666666666667
1976,3,0.875
1977,2,0.8333333333333334
1978,1,0.75
1979,2,0.5833333333333334
1980,0,0.4166666666666667
1981,2,0.7916666666666666
1982,-1,0.75
1983,2,0.9166666666666666
1984,0,0.5
1985,1,0.375
1986,3,0.875
1987,1,1.0416666666666667
1988,3,0.7916666666666666
1989,1,0.6666666666666666
1990,1,0.9166666666666666
1991,2,0.8333333333333334
1992,0,0.9583333333333334
1993,2,1.3333333333333333
1994,0,0.4583333333333333
1995,0,0.8333333333333334
1996,2,0.375
1997,1,0.9166666666666666
1998,2,0.9583333333333334
1999,3,1.125
2000,1,0.9583333333333334
2001,0,0.4166666666666667
2002,1,1.0416666666666667
2003,2,0.7083333333333334
2004,1,1.0416666666666667
2005,1,0.7083333333333334
2006,0,0.625
2007,1,1.0
2008,0,0.9583333333333334
2009,0,0.625
2010,1,0.7083333333333334
2011,2,0.4166666666666667
2012,1,1.375
2013,1,1.0
2014,0,0.4583333333333333
2015,1,1.0416666666666667
2016,0,0.4166666666666667
2017,1,1.0833333333333333
2018,1,0.9583333333333334
2019,0,1.25
2020,0,1.0833333333333333
2021,2,0.75
2022,0,0.7916666666666666
2023,0,1.0
2024,1,0.7916666666666666
2025,1,1.0
2026,1,1.4166666666666667
2027,0,0.4583333333333333
2028,0,0.4166666666666667
2029,0,0.9583333333333334
2030,2,1.25
2031,1,1.0416666666666667
2032,0,1.0833333333333333
2033,1,0.7083333333333334
2034,-1,1.0
2035,1,1.125
2036,1,0.5
2037,2,1.0833333333333333
2038,0,0.7916666666666666
2039,1,0.5833333333333334
2040,2,0.9166666666666666
2041,0,1.0416666666666667
2042,0,1.2916666666666667
2043,0,0.5
2044,1,1.1666666666666667
2045,0,1.4583333333333333
2046,0,0.625
2047,3,0.7916666666666666
2048,0,0.9166666666666666
2049,0,0.5
2050,1,0.9583333333333334
2051,1,1.0833333333333333
2052,0,1.375
2053,1,0.7083333333333334
2054,1,0.375
2055,0,0.4166666666666667
2056,1,1.2083333333333333
2057,0,1.125
2058,0,1.0416666666666667
2059,0,0.7083333333333334
2060,1,1.0833333333333333
2061,1,1.2083333333333333
2062,0,0.5
2063,0,0.9583333333333334
2064,1,0.9166666666666666
2065,0,1.25
2066,1,0.7083333333333334
2067,0,1.2916666666666667
2068,1,0.4166666666666667
2069,1,0.9583333333333334
2070,1,0.4166666666666667
2071,1,0.5
2072,0,1.0833333333333333
2073,0,0.9166666666666666
2074,-1,1.125
2075,0,1.0
2076,0,0.5
2077,2,1.25
2078,0,0.75
2079,0,1.125
2080,0,0.625
2081,1,0.875
2082,-1,0.7083333333333334
2083,1,0.4583333333333333
2084,3,0.7083333333333334
2085,1,0.4166666666666667
2086,2,0.5833333333333334
2087,0,0.5
2088,1,0.5
2089,0,0.4166666666666667
2090,2,0.7083333333333334
2091,2,0.875
2092,2,0.5
2093,3,0.7083333333333334
2094,0,0.2916666666666667
2095,1,0.3333333333333333
2096,1,0.9166666666666666
2097,0,1.0416666666666667
2098,2,1.0
2099,0,0.625
2100,0,0.7083333333333334
2101,1,0.4583333333333333
2102,0,1.125
2103,1,0.4583333333333333
2104,0,0.9166666666666666
2105,0,1.2916666666666667
2106,0,1.0833333333333333
2107,0,1.2083333333333333
2108,2,1.25
2109,0,1.0
2110,0,0.5416666666666666
2111,0,0.5
2112,3,1.0416666666666667
2113,-1,0.9166666666666666
2114,0,1.25
2115,1,0.5
2116,0,0.4166666666666667
2117,0,0.5416666666666666
2118,0,0.4583333333333333
2119,4,0.625
2120,0,1.1666666666666667
2121,1,0.9583333333333334
2122,1,1.125
2123,0,1.2916666666666667
2124,2,0.875
2125,0,0.7083333333333334
2126,0,1.0
2127,1,1.0416666666666667
2128,3,0.6666666666666666
2129,3,0.875
2130,0,0.3333333333333333
2131,0,1.2083333333333333
2132,2,1.125
2133,3,0.9583333333333334
2134,0,0.8333333333333334
2135,1,0.7916666666666666
2136,2,1.0416666666666667
2137,0,1.1666666666666667
2138,0,1.2916666666666667
2139,0,0.9583333333333334
2140,0,0.5416666666666666
2141,0,1.1666666666666667
2142,1,0.5416666666666666
2143,0,0.375
2144,2,0.875
2145,1,1.125
2146,1,1.125
2147,0,0.5833333333333334
2148,0,1.1666666666666667
2149,0,0.375
2150,4,0.8333333333333334
2151,0,1.0833333333333333
2152,0,1.125
2153,1,0.5416666666666666
2154,0,0.9583333333333334
2155,1,0.7916666666666666
2156,2,1.1666666666666667
2157,0,0.3333333333333333
2158,1,0.8333333333333334
2159,0,1.1666666666666667
2160,1,0.8333333333333334
2161,0,0.3333333333333333
2162,0,1.1666666666666667
2163,1,1.1666666666666667
2164,1,1.0
2165,1,1.0833333333333333
2166,1,1.0833333333333333
2167,3,0.9583333333333334
2168,2,0.9166666666666666
2169,0,0.375
2170,0,0.5833333333333334
2171,0,1.25
2172,2,0.5833333333333334
2173,0,1.125
2174,0,0.875
2175,0,1.125
2176,2,1.0833333333333333
2177,0,1.0416666666666667
2178,1,1.1666666666666667
2179,0,0.9583333333333334
2180,0,0.3333333333333333
2181,1,1.0
2182,0,0.375
2183,0,1.1666666666666667
2184,2,1.125
2185,0,0.875
2186,1,1.25
2187,1,1.0833333333333333
2188,1,0.5833333333333334
2189,0,0.875
2190,3,0.6666666666666666
2191,2,0.9166666666666666
2192,0,0.5
2193,0,0.625
2194,0,0.4166666666666667
2195,4,0.7083333333333334
2196,0,0.4583333333333333
2197,0,0.5416666666666666
2198,1,0.8333333333333334
2199,0,0.2916666666666667
2200,0,0.625
2201,0,0.4583333333333333
2202,4,0.5416666666666666
2203,1,0.875
2204,1,0.3333333333333333
2205,3,0.9583333333333334
2206,1,0.7916666666666666
2207,4,0.5
2208,1,0.6666666666666666
2209,0,0.3333333333333333
2210,0,0.875
2211,4,0.5
2212,1,0.9583333333333334
2213,0,0.4166666666666667
2214,0,0.4166666666666667
2215,3,0.4583333333333333
2216,1,0.625
2217,3,0.2916666666666667
2218,3,0.4166666666666667
2219,0,0.875
2220,4,0.875
2221,2,0.6666666666666666
2222,1,0.8333333333333334
2223,0,0.375
2224,3,0.9583333333333334
2225,1,0.4166666666666667
2226,0,0.375
2227,3,0.625
2228,1,0.4166666666666667
2229,0,0.6666666666666666
2230,2,0.8333333333333334
2231,0,0.5833333333333334
2232,1,1.0
2233,2,0.625
2234,2,0.3333333333333333
2235,1,0.5416666666666666
2236,2,0.375
2237,0,0.7916666666666666
2238,0,0.7916666666666666
2239,2,0.75
2240,0,0.75
2241,4,0.5833333333333334
2242,4,1.0416666666666667
2243,0,1.0
2244,1,0.75
2245,0,0.4166666666666667
2246,1,0.875
2247,1,0.375
2248,1,0.7083333333333334
2249,2,0.4583333333333333
2250,0,0.5416666666666666
2251,1,0.7916666666666666
2252,1,0.7916666666666666
2253,0,0.4583333333333333
2254,1,0.4583333333333333
2255,1,0.6666666666666666
2256,0,0.625
2257,1,0.7916666666666666
2258,0,0.75
2259,0,0.75
2260,3,0.75
2261,1,0.4166666666666667
2262,1,0.4166666666666667
2263,0,0.5416666666666666
2264,2,0.5
2265,0,0.9166666666666666
2266,2,0.9166666666666666
2267,0,0.75
2268,0,0.5
2269,0,1.1666666666666667
2270,1,0.8333333333333334
2271,-1,0.4166666666666667
2272,1,0.875
2273,0,0.8333333333333334
2274,-2,1.125
2275,1,0.75
2276,1,0.4583333333333333
2277,2,0.875
2278,3,0.7083333333333334
2279,1,0.6666666666666666
2280,1,0.5416666666666666
2281,0,0.625
2282,1,0.5416666666666666
2283,1,0.375
2284,1,0.8333333333333334
2285,0,0.4583333333333333
2286,1,0.4583333333333333
2287,0,1.0
2288,2,0.5833333333333334
2289,0,0.6666666666666666
2290,5,1.0416666666666667
2291,0,0.8333333333333334
2292,0,0.4166666666666667
2293,2,0.5416666666666666
2294,0,0.8333333333333334
2295,2,0.8333333333333334
2296,0,0.7916666666666666
2297,0,0.5
2298,2,0.75
2299,2,0.5
2300,1,0.9583333333333334
2301,0,0.4583333333333333
2302,1,0.375
2303,0,0.8333333333333334
2304,0,0.875
2305,0,1.125
2306,1,0.375
2307,1,0.9166666666666666
2308,0,1.125
2309,0,0.3333333333333333
2310,0,1.0
2311,0,1.2083333333333333
2312,0,1.25
2313,0,1.1666666666666667
2314,0,0.625
2315,3,1.0
2316,0,0.7916666666666666
2317,0,1.2083333333333333
2318,1,0.875
2319,1,1.0416666666666667
2320,1,0.9583333333333334
2321,2,0.875
2322,0,0.75
2323,0,0.3333333333333333
2324,0,0.625
2325,2,0.6666666666666666
2326,0,0.75
2327,3,0.5833333333333334
2328,3,1.1666666666666667
2329,2,1.2083333333333333
2330,0,0.4166666666666667
2331,0,0.9583333333333334
2332,1,1.0833333333333333
2333,3,0.7083333333333334
2334,2,0.4583333333333333
2335,0,0.8333333333333334
2336,0,0.6666666666666666
2337,3,1.0416666666666667
2338,1,0.625
2339,1,0.375
2340,2,0.3333333333333333
2341,2,0.6666666666666666
2342,4,0.75
2343,0,0.875
2344,1,1.25
2345,0,0.7916666666666666
2346,0,1.2083333333333333
2347,3,0.75
2348,0,0.8333333333333334
2349,0,0.5
2350,1,0.7083333333333334
2351,1,0.9583333333333334
2352,0,0.5833333333333334
2353,1,1.1666666666666667
2354,2,0.375
2355,1,1.125
2356,1,0.625
2357,0,0.7083333333333334
2358,0,0.4583333333333333
2359,0,0.75
2360,0,1.0416666666666667
2361,1,0.375
2362,0,0.5
2363,0,0.5416666666666666
2364,1,0.7916666666666666
2365,0,0.625
2366,0,0.5833333333333334
2367,0,0.875
2368,1,1.0833333333333333
2369,2,0.875
2370,1,0.4166666666666667
2371,0,0.375
2372,0,0.7083333333333334
2373,2,1.0833333333333333
2374,0,0.75
2375,0,1.0833333333333333
2376,2,0.75
2377,1,0.7916666666666666
2378,0,0.375
2379,0,1.0
2380,0,1.0
2381,1,0.4583333333333333
2382,2,1.0
2383,0,0.4166666666666667
2384,2,0.8333333333333334
2385,0,0.5
2386,0,0.5833333333333334
2387,1,0.5
2388,0,1.125
2389,0,0.9583333333333334
2390,1,0.4166666666666667
2391,1,0.7083333333333334
2392,1,0.5
2393,0,0.375
2394,0,0.4583333333333333
2395,1,0.8333333333333334
2396,0,0.375
2397,0,1.0833333333333333
2398,1,0.9166666666666666
2399,0,0.9583333333333334
2400,1,0.7916666666666666
2401,1,1.0833333333333333
2402,1,0.4583333333333333
2403,2,0.5416666666666666
2404,2,0.75
2405,0,0.5
2406,1,0.7916666666666666
2407,1,0.9583333333333334
2408,1,0.4166666666666667
2409,2,1.0833333333333333
2410,2,0.875
2411,1,0.75
2412,0,0.3333333333333333
2413,0,0.875
2414,1,0.75
2415,0,0.7916666666666666
2416,0,0.8333333333333334
2417,1,0.75
2418,0,0.4166666666666667
2419,1,1.0416666666666667
2420,1,0.9583333333333334
2421,1,0.5416666666666666
2422,2,0.4166666666666667
2423,1,0.4583333333333333
2424,2,0.9583333333333334
2425,0,0.5833333333333334
2426,0,0.75
2427,1,0.8333333333333334
2428,3,1.125
2429,0,0.3333333333333333
2430,0,0.7916666666666666
2431,3,0.375
2432,3,0.7083333333333334
2433,1,0.5
2434,2,0.8333333333333334
2435,0,1.0416666666666667
2436,0,0.5
2437,0,0.4166666666666667
2438,1,1.0833333333333333
2439,0,0.7916666666666666
2440,0,0.7916666666666666
2441,0,1.0
2442,0,0.5416666666666666
2443,0,0.5
2444,0,0.5
2445,0,1.2083333333333333
2446,3,0.7916666666666666
2447,0,0.25
2448,0,0.5
2449,1,0.7916666666666666
2450,1,0.5
2451,0,0.9166666666666666
2452,0,0.9583333333333334
2453,0,0.75
2454,1,0.4583333333333333
2455,0,1.125
2456,1,1.0
2457,2,0.4166666666666667
2458,0,0.25
2459,0,0.9166666666666666
2460,0,1.1666666666666667
2461,2,0.5
2462,0,0.5
2463,0,0.8333333333333334
2464,0,1.125
2465,0,0.8333333333333334
2466,0,1.1666666666666667
2467,0,0.3333333333333333
2468,1,1.0
2469,0,1.2083333333333333
2470,1,0.4166666666666667
2471,0,1.0
2472,0,1.125
2473,1,1.25
2474,0,1.0416666666666667
2475,0,0.9583333333333334
2476,0,0.9166666666666666
2477,0,0.5833333333333334
2478,2,0.875
2479,0,0.75
2480,0,0.7916666666666666
2481,2,1.0833333333333333
2482,1,0.4583333333333333
2483,1,0.5
2484,0,0.5
2485,1,0.5
2486,0,0.8333333333333334
2487,0,0.4583333333333333
2488,0,0.5833333333333334
2489,0,0.9166666666666666
2490,2,0.2916666666666667
2491,0,1.0416666666666667
2492,0,0.9166666666666666
2493,0,1.125
2494,1,0.75
2495,0,0.875
2496,0,0.4166666666666667
2497,1,0.7916666666666666
2498,1,0.875
2499,0,0.75
2500,0,0.5
2501,0,0.4583333333333333
2502,1,0.5
2503,1,0.875
2504,1,0.5416666666666666
2505,0,0.375
2506,1,1.0416666666666667
2507,2,1.0833333333333333
2508,0,1.125
2509,0,0.8333333333333334
2510,1,0.9166666666666666
2511,0,0.5833333333333334
2512,1,0.7916666666666666
2513,0,0.5833333333333334
2514,0,0.9166666666666666
2515,0,0.9166666666666666
2516,3,1.0416666666666667
2517,2,0.2916666666666667
2518,1,0.75
2519,0,0.9166666666666666
2520,0,0.5416666666666666
2521,0,0.6666666666666666
2522,0,0.375
2523,0,0.5
2524,0,1.1666666666666667
2525,0,1.0833333333333333
2526,0,0.4583333333333333
2527,0,0.5416666666666666
2528,1,0.7083333333333334
2529,2,1.0833333333333333
2530,0,0.7916666666666666
2531,0,0.5833333333333334
2532,0,0.5
2533,0,0.6666666666666666
2534,0,0.5416666666666666
2535,0,0.375
2536,2,1.0833333333333333
2537,3,0.4583333333333333
2538,0,0.375
2539,0,0.875
2540,1,1.1666666666666667
2541,1,0.4583333333333333
2542,1,0.625
2543,0,0.9166666666666666
2544,2,0.6666666666666666
2545,1,0.5416666666666666
2546,1,0.75
2547,2,0.3333333333333333
2548,1,0.5
2549,0,0.625
2550,0,0.9166666666666666
2551,0,0.4583333333333333
2552,1,0.6666666666666666
2553,0,0.5833333333333334
2554,0,0.5833333333333334
2555,1,1.125
2556,0,0.375
2557,0,1.0
2558,0,0.875
2559,3,1.125
2560,1,0.375
2561,0,0.625
2562,3,0.5833333333333334
2563,2,0.5833333333333334
2564,0,0.5833333333333334
2565,0,0.9166666666666666
2566,2,1.2083333333333333
2567,0,0.6666666666666666
2568,1,0.9583333333333334
2569,0,0.7916666666666666
2570,1,1.1666666666666667
2571,0,0.75
2572,0,0.4583333333333333
2573,0,0.5416666666666666
2574,2,0.625
2575,1,0.2916666666666667
2576,0,1.125
2577,1,0.9583333333333334
2578,0,0.7916666666666666
2579,0,0.8333333333333334
2580,0,0.3333333333333333
2581,2,0.875
2582,1,1.0416666666666667
2583,2,1.2083333333333333
2584,3,1.1666666666666667
2585,0,0.5416666666666666
2586,0,1.0
2587,0,0.4166666666666667
2588,1,1.0
2589,0,0.75
2590,0,0.8333333333333334
2591,0,1.1666666666666667
2592,0,0.75
2593,2,0.9583333333333334
2594,0,0.3333333333333333
2595,0,0.6666666666666666
2596,1,0.4166666666666667
2597,1,0.875
2598,1,1.0833333333333333
2599,0,0.7916666666666666
2600,1,0.9583333333333334
2601,0,0.9583333333333334
2602,0,1.0416666666666667
2603,1,1.2916666666666667
2604,0,1.125
2605,0,1.1666666666666667
2606,2,0.75
2607,0,0.5
2608,2,0.9166666666666666
2609,2,0.75
2610,1,0.75
2611,2,1.0416666666666667
2612,1,0.875
2613,0,1.0416666666666667
2614,0,0.4583333333333333
2615,1,0.9166666666666666
2616,0,1.3333333333333333
2617,0,0.7083333333333334
2618,1,1.0416666666666667
2619,0,0.3333333333333333
2620,0,0.5
2621,0,0.9583333333333334
2622,0,0.5
2623,0,0.9583333333333334
2624,0,1.0416666666666667
2625,1,1.2916666666666667
2626,1,0.7916666666666666
2627,0,0.9166666666666666
2628,0,0.3333333333333333
2629,0,0.8333333333333334
2630,0,1.0
2631,0,1.0
2632,0,0.4583333333333333
2633,1,0.8333333333333334
2634,1,1.0416666666666667
2635,1,0.875
2636,2,0.4166666666666667
2637,0,0.4166666666666667
2638,0,0.625
2639,2,0.7916666666666666
2640,2,0.9583333333333334
2641,0,0.4583333333333333
2642,0,0.875
2643,1,0.875
2644,2,0.4166666666666667
2645,1,0.2916666666666667
2646,1,0.8333333333333334
2647,1,1.25
2648,1,0.875
2649,0,0.6666666666666666
2650,1,0.9166666666666666
2651,1,0.9583333333333334
2652,1,1.0416666666666667
2653,1,0.5833333333333334
2654,0,0.7916666666666666
2655,1,0.5
2656,2,0.7916666666666666
2657,0,0.5
2658,2,0.2916666666666667
2659,1,0.6666666666666666
2660,1,1.2083333333333333
2661,0,1.0416666666666667
2662,3,1.0
2663,0,0.875
2664,1,0.9166666666666666
2665,0,0.75
2666,3,0.9583333333333334
2667,0,0.875
2668,1,0.375
2669,1,1.0416666666666667
2670,0,0.625
2671,4,0.5416666666666666
2672,0,0.8333333333333334
2673,0,0.6666666666666666
2674,2,1.2083333333333333
2675,0,0.8333333333333334
2676,1,0.9166666666666666
2677,1,1.125
2678,0,1.0416666666666667
2679,0,1.0416666666666667
2680,1,1.0416666666666667
2681,0,0.3333333333333333
2682,0,0.4583333333333333
2683,1,0.4166666666666667
2684,0,0.625
2685,1,0.7916666666666666
2686,1,0.6666666666666666
2687,0,0.75
