,time,Goal
0,14.8,1
1,65.2,0
2,80.0,0
3,36.73333333333333,1
4,14.550000000000004,1
5,28.71666666666667,0
6,14.45,1
7,65.55,0
8,80.0,0
9,80.0,0
10,80.0,0
11,32.25,1
12,34.83333333333333,1
13,12.916666666666671,0
14,67.33333333333333,1
15,12.666666666666671,0
16,80.0,0
17,80.0,0
18,80.0,0
19,80.0,0
20,80.0,0
21,80.0,0
22,80.0,0
23,80.0,0
24,20.766666666666666,1
25,6.583333333333336,1
26,3.233333333333327,1
27,28.9,1
28,20.516666666666673,0
29,80.0,0
30,53.8,1
31,6.883333333333333,1
32,19.31666666666667,0
33,80.0,0
34,80.0,0
35,58.15,1
36,21.85,0
37,40.0,1
38,40.0,0
39,80.0,0
40,35.88333333333333,1
41,44.11666666666667,0
42,80.0,0
43,80.0,0
44,80.0,0
45,80.0,0
46,52.1,1
47,27.1,1
48,0.7999999999999972,0
49,2.333333333333333,1
50,64.41666666666667,1
51,13.25,0
52,80.0,0
53,80.0,0
54,80.0,0
55,80.0,0
56,80.0,0
57,80.0,0
58,75.38333333333334,1
59,4.583333333333329,1
60,0.03333333333333144,0
61,80.0,0
62,80.0,0
63,80.0,0
64,80.0,0
65,58.31666666666667,1
66,21.68333333333333,0
67,80.0,0
68,80.0,0
69,80.0,0
70,80.0,0
71,24.08333333333333,1
72,55.91666666666667,0
73,39.96666666666667,1
74,40.03333333333333,0
75,38.21666666666667,1
76,41.78333333333333,0
77,80.0,0
78,80.0,0
79,80.0,0
80,80.0,0
81,80.0,0
82,50.1,1
83,29.9,0
84,80.0,0
85,63.43333333333333,1
86,16.56666666666667,0
87,80.0,0
88,72.38333333333334,1
89,7.61666666666666,0
90,5.033333333333333,1
91,34.96666666666667,1
92,40.0,0
93,80.0,0
94,80.0,0
95,80.0,0
96,80.0,0
97,80.0,0
98,80.0,0
99,80.0,0
100,80.0,0
101,35.86666666666667,1
102,44.13333333333333,0
103,80.0,0
104,80.0,0
105,80.0,0
106,80.0,0
107,80.0,0
108,80.0,0
109,80.0,0
110,74.95,1
111,5.049999999999997,0
112,80.0,0
115,80.0,0
116,46.95,1
117,33.05,0
118,38.36666666666667,1
119,41.63333333333333,0
120,10.85,1
121,69.15,0
122,80.0,0
123,80.0,0
124,80.0,0
125,80.0,0
126,80.0,0
127,52.06666666666667,1
128,27.93333333333333,0
129,80.0,0
130,47.41666666666666,1
131,32.58333333333334,0
132,80.0,0
133,70.36666666666666,1
134,9.63333333333334,0
135,80.0,0
136,80.0,0
137,23.4,1
138,56.6,0
139,80.0,0
140,80.0,0
141,80.0,0
142,4.233333333333333,1
143,75.76666666666667,0
144,80.0,0
145,58.98333333333333,1
146,21.016666666666673,0
147,80.0,0
148,80.0,0
149,47.9,1
150,32.1,0
151,80.0,0
152,80.0,0
153,80.0,0
154,80.0,0
155,80.0,0
156,80.0,0
157,80.0,0
158,80.0,0
159,60.86666666666667,1
160,19.133333333333333,0
161,80.0,0
162,80.0,0
163,80.0,0
164,80.0,0
165,80.0,0
166,80.0,0
167,80.0,0
168,39.4,1
169,40.6,0
170,80.0,0
171,80.0,0
172,80.0,0
173,80.0,0
174,22.88333333333333,1
175,57.116666666666674,0
176,80.0,0
177,80.0,0
178,80.0,0
179,80.0,0
180,29.73333333333333,1
181,50.266666666666666,0
182,80.0,0
183,80.0,0
184,74.36666666666666,1
185,5.63333333333334,0
186,80.0,0
187,80.0,0
188,80.0,0
189,80.0,0
190,80.0,0
191,80.0,0
192,80.0,0
193,80.0,0
194,80.0,0
195,80.0,0
196,80.0,0
197,80.0,0
198,80.0,0
199,40.0,1
200,40.0,0
201,80.0,0
202,80.0,0
203,80.0,0
204,16.133333333333333,1
205,63.86666666666667,0
206,80.0,0
207,80.0,0
208,80.0,0
209,80.0,0
210,80.0,0
211,80.0,0
212,80.0,0
213,80.0,0
214,80.0,0
215,80.0,0
216,80.0,0
217,67.06666666666666,1
218,12.933333333333337,0
219,80.0,0
220,25.816666666666666,1
221,54.18333333333334,0
222,80.0,0
223,33.18333333333333,1
224,46.81666666666667,0
225,80.0,0
226,36.86666666666667,1
227,43.13333333333333,0
228,80.0,0
229,68.81666666666666,1
230,11.183333333333337,0
231,80.0,0
232,80.0,0
233,31.78333333333333,1
234,48.21666666666667,0
235,80.0,0
236,80.0,0
237,80.0,0
238,80.0,0
239,80.0,0
240,80.0,0
241,80.0,0
242,80.0,0
243,80.0,0
244,80.0,0
245,35.13333333333333,1
246,44.86666666666667,0
247,80.0,0
248,57.0,1
249,23.0,0
250,80.0,0
251,80.0,0
252,39.53333333333333,1
253,40.46666666666667,0
254,37.91666666666666,1
255,42.08333333333334,1
257,80.0,0
258,80.0,0
259,80.0,0
260,80.0,0
261,80.0,0
262,80.0,0
263,80.0,0
264,71.9,1
265,8.099999999999994,0
266,80.0,0
267,38.55,1
268,41.45,0
269,71.91666666666667,1
270,8.083333333333329,0
271,32.93333333333333,1
272,47.06666666666667,1
274,47.21666666666667,1
275,32.78333333333333,0
276,80.0,0
277,80.0,0
278,80.0,0
279,80.0,0
280,80.0,0
281,80.0,0
282,80.0,0
283,53.36666666666667,1
284,26.633333333333333,0
285,80.0,0
286,80.0,0
287,80.0,0
288,80.0,0
289,80.0,0
290,80.0,0
291,80.0,0
292,40.0,1
293,40.0,0
294,23.73333333333333,1
295,38.56666666666666,1
296,17.700000000000003,0
297,80.0,0
298,80.0,0
299,80.0,0
300,69.38333333333334,1
301,6.683333333333323,1
302,3.933333333333337,0
303,80.0,0
304,35.4,1
305,44.6,1
307,80.0,0
308,80.0,0
309,80.0,0
310,80.0,0
311,19.15,1
312,37.050000000000004,1
313,8.200000000000003,1
314,9.149999999999991,1
315,6.450000000000003,0
316,80.0,0
317,80.0,0
318,67.3,1
319,12.700000000000003,0
320,80.0,0
321,18.35,1
322,61.65,0
323,80.0,0
324,80.0,0
325,30.03333333333333,1
326,49.96666666666667,0
327,80.0,0
328,80.0,0
329,80.0,0
330,80.0,0
331,12.05,1
332,67.95,0
333,80.0,0
334,69.61666666666666,1
335,10.38333333333334,0
336,39.95,1
337,40.05,0
338,80.0,0
339,80.0,0
340,67.13333333333334,1
341,12.86666666666666,0
342,80.0,0
343,80.0,0
344,80.0,0
345,80.0,0
346,80.0,0
347,75.06666666666666,1
348,4.933333333333337,0
349,80.0,0
350,80.0,0
351,80.0,0
352,46.53333333333333,1
353,33.46666666666667,0
354,80.0,0
355,37.083333333333336,1
356,42.916666666666664,0
357,80.0,0
358,68.98333333333333,1
359,11.016666666666666,0
360,80.0,0
361,80.0,0
362,7.216666666666668,1
363,22.28333333333333,1
364,50.5,0
365,54.65,1
366,25.35,0
367,80.0,0
368,80.0,0
369,80.0,0
370,80.0,0
371,80.0,0
372,80.0,0
373,54.83333333333334,1
374,25.166666666666657,0
375,80.0,0
376,80.0,0
377,80.0,0
378,80.0,0
379,80.0,0
380,35.516666666666666,1
381,40.08333333333333,1
382,4.400000000000006,0
383,80.0,0
384,17.366666666666667,1
385,62.63333333333333,0
386,80.0,0
387,80.0,0
388,80.0,0
389,80.0,0
390,80.0,0
391,80.0,0
392,80.0,0
393,80.0,0
394,80.0,0
395,80.0,0
396,80.0,0
397,80.0,0
398,80.0,0
399,80.0,0
400,16.116666666666667,1
401,63.88333333333333,0
402,76.56666666666666,1
403,3.433333333333337,0
404,66.23333333333333,1
405,13.766666666666666,0
406,80.0,0
407,80.0,0
408,40.0,1
409,40.0,0
410,80.0,0
411,6.916666666666668,1
412,73.08333333333333,0
413,80.0,0
414,58.73333333333333,1
415,21.266666666666673,0
416,80.0,0
417,80.0,0
418,32.46666666666667,1
419,47.53333333333333,0
420,77.2,1
421,2.799999999999997,0
422,80.0,0
423,80.0,0
424,80.0,0
425,80.0,0
426,80.0,0
427,80.0,0
428,80.0,0
429,24.7,1
430,55.3,0
431,80.0,0
432,80.0,0
433,80.0,0
434,80.0,0
435,30.516666666666666,1
436,49.483333333333334,0
437,80.0,0
438,80.0,0
439,80.0,0
440,7.716666666666668,1
441,17.43333333333333,1
442,54.85,0
443,19.466666666666665,1
444,42.06666666666666,1
445,18.46666666666667,0
446,80.0,0
447,80.0,0
448,74.03333333333333,1
449,5.799999999999997,1
450,0.1666666666666714,0
451,80.0,0
452,80.0,0
453,80.0,0
454,80.0,0
455,80.0,0
456,80.0,0
457,24.61666666666667,1
458,55.383333333333326,0
459,80.0,0
460,5.35,1
461,74.65,0
462,80.0,0
463,66.88333333333334,1
464,13.11666666666666,0
465,69.01666666666667,1
466,10.983333333333334,0
467,80.0,0
468,80.0,0
469,80.0,0
470,80.0,0
471,3.1666666666666665,1
472,76.83333333333333,0
473,80.0,0
474,80.0,0
475,80.0,0
476,80.0,0
477,80.0,0
478,80.0,0
479,80.0,0
480,16.333333333333332,1
481,63.66666666666667,0
482,80.0,0
483,56.75,1
484,23.25,0
485,80.0,0
486,80.0,0
487,80.0,0
488,80.0,0
489,80.0,0
490,64.03333333333333,1
491,15.966666666666669,0
492,80.0,0
493,80.0,0
494,80.0,0
495,80.0,0
496,80.0,0
497,15.466666666666667,1
498,64.53333333333333,0
499,31.8,1
500,42.866666666666674,1
501,5.333333333333329,0
502,80.0,0
503,80.0,0
504,40.0,1
505,40.0,0
506,80.0,0
507,80.0,0
508,80.0,0
509,80.0,0
510,28.0,1
511,52.0,0
512,80.0,0
513,70.3,1
514,9.700000000000003,0
515,80.0,0
516,80.0,0
517,40.0,1
518,40.0,0
519,68.78333333333333,1
520,11.216666666666669,0
521,39.56666666666667,1
522,40.43333333333333,0
523,80.0,0
524,40.0,1
525,40.0,0
526,43.83333333333334,1
527,36.16666666666666,0
528,56.66666666666666,1
529,4.433333333333344,1
530,18.9,0
531,65.01666666666667,1
532,14.983333333333334,0
533,74.06666666666666,1
534,5.933333333333337,0
535,54.83333333333334,1
536,25.166666666666657,0
537,80.0,0
538,9.866666666666667,1
539,70.13333333333333,0
540,69.38333333333334,1
541,10.61666666666666,0
542,80.0,0
543,67.25,1
544,12.75,0
545,80.0,0
546,9.783333333333333,1
547,15.983333333333333,1
548,54.233333333333334,0
549,80.0,0
550,80.0,0
551,17.55,1
552,62.45,0
553,80.0,0
554,80.0,0
555,80.0,0
556,80.0,0
557,80.0,0
558,80.0,0
559,4.516666666666667,1
560,75.48333333333333,0
561,80.0,0
562,40.0,1
563,40.0,0
564,36.38333333333333,1
565,43.61666666666667,0
566,80.0,0
567,37.43333333333333,1
568,42.56666666666667,0
569,80.0,0
570,80.0,0
571,80.0,0
572,45.51666666666666,1
573,30.53333333333334,1
574,3.950000000000003,0
575,67.0,1
576,13.0,0
577,80.0,0
578,80.0,0
579,80.0,0
580,80.0,0
581,29.2,1
582,50.8,0
583,80.0,0
584,80.0,0
585,80.0,0
586,80.0,1
588,80.0,0
589,80.0,0
590,80.0,0
591,80.0,0
592,80.0,0
593,80.0,0
594,80.0,0
595,80.0,0
596,12.3,1
597,52.35000000000001,1
598,15.349999999999994,0
599,80.0,0
600,80.0,0
601,80.0,0
602,80.0,0
603,80.0,0
604,41.91666666666666,1
605,38.08333333333334,0
606,80.0,0
607,80.0,0
608,39.98333333333333,1
609,40.01666666666667,0
610,17.25,1
611,62.75,0
612,80.0,0
613,80.0,0
614,80.0,0
615,80.0,0
616,73.3,1
617,6.700000000000003,0
618,80.0,0
619,80.0,0
620,80.0,0
621,80.0,0
622,43.81666666666667,1
623,36.18333333333333,0
624,80.0,0
625,80.0,0
626,23.75,1
627,56.25,0
628,66.58333333333333,1
629,13.416666666666671,0
630,80.0,0
631,80.0,0
632,80.0,0
633,80.0,0
634,80.0,0
635,80.0,0
636,80.0,0
637,80.0,0
638,80.0,0
639,80.0,0
640,80.0,0
641,32.916666666666664,1
642,47.083333333333336,0
643,80.0,0
644,80.0,0
645,80.0,0
646,80.0,0
647,40.0,1
648,40.0,0
649,80.0,0
650,80.0,0
651,80.0,0
652,29.1,1
653,50.9,0
654,80.0,0
655,80.0,0
656,80.0,0
657,80.0,0
658,80.0,0
659,28.2,1
660,27.783333333333328,1
661,24.016666666666673,0
662,80.0,0
663,80.0,0
664,80.0,0
665,80.0,0
666,80.0,0
667,80.0,0
668,80.0,0
669,80.0,0
670,80.0,0
671,80.0,0
672,80.0,0
673,80.0,0
674,80.0,0
675,80.0,0
676,35.03333333333333,1
677,44.96666666666667,0
678,80.0,0
679,80.0,0
680,80.0,0
681,46.78333333333333,1
682,33.21666666666667,0
683,80.0,0
684,7.9,1
685,72.1,0
686,80.0,0
687,80.0,0
688,80.0,0
689,80.0,0
690,65.48333333333333,1
691,14.516666666666666,0
692,80.0,0
693,80.0,0
694,49.15,1
695,30.85,0
696,80.0,0
697,80.0,0
698,80.0,0
699,80.0,0
700,80.0,0
701,52.73333333333333,1
702,27.266666666666673,0
703,80.0,0
704,80.0,0
705,80.0,0
706,80.0,0
707,80.0,0
708,80.0,0
709,54.01666666666666,1
710,25.98333333333334,0
711,33.21666666666667,1
712,43.133333333333326,1
713,3.6500000000000057,0
714,58.43333333333333,1
715,21.56666666666667,0
716,40.0,1
717,27.516666666666666,1
718,12.483333333333334,0
719,80.0,1
721,80.0,0
722,80.0,0
723,38.53333333333333,1
724,41.46666666666667,0
725,80.0,1
727,80.0,0
728,38.16666666666666,1
729,40.46666666666668,1
730,1.36666666666666,0
731,80.0,0
732,80.0,0
733,80.0,0
734,80.0,0
735,80.0,0
736,2.55,1
737,77.45,0
738,80.0,0
739,38.05,1
740,41.95,0
741,80.0,0
742,80.0,0
743,80.0,0
744,58.26666666666666,1
745,21.73333333333334,0
746,80.0,0
747,80.0,0
748,80.0,0
749,80.0,1
751,22.41666666666667,1
752,57.58333333333333,0
753,80.0,0
754,80.0,0
755,80.0,0
756,80.0,0
757,80.0,0
758,80.0,0
759,78.73333333333333,1
760,1.2666666666666657,0
761,80.0,0
762,80.0,0
763,80.0,0
764,80.0,0
765,80.0,0
766,64.75,1
767,15.25,0
768,80.0,0
769,80.0,0
770,80.0,0
771,80.0,0
772,80.0,0
773,80.0,0
774,80.0,0
775,80.0,0
776,80.0,0
777,80.0,0
778,80.0,0
779,79.41666666666667,1
780,0.5833333333333286,0
781,80.0,0
782,80.0,0
783,80.0,0
784,80.0,0
785,80.0,0
786,80.0,0
787,63.43333333333333,1
788,10.399999999999999,1
789,6.166666666666671,0
790,18.366666666666667,1
791,61.63333333333333,0
792,80.0,0
793,80.0,0
794,80.0,0
795,80.0,0
796,80.0,0
797,80.0,0
798,80.0,0
799,79.93333333333334,1
800,0.06666666666666288,0
801,80.0,0
802,23.38333333333333,1
803,56.616666666666674,0
804,80.0,0
805,80.0,0
806,80.0,0
807,80.0,0
808,80.0,0
809,80.0,0
810,80.0,0
811,38.516666666666666,1
812,41.483333333333334,0
813,80.0,0
814,80.0,0
815,53.13333333333333,1
816,26.866666666666667,0
817,80.0,0
818,7.366666666666666,1
819,72.63333333333334,0
820,80.0,0
821,80.0,0
822,80.0,0
823,80.0,0
824,80.0,0
825,80.0,0
826,53.31666666666667,1
827,26.68333333333333,0
828,76.26666666666667,1
829,3.7333333333333343,0
830,80.0,0
831,80.0,0
832,80.0,0
833,80.0,0
834,61.65,1
835,18.35,0
836,80.0,0
837,42.766666666666666,1
838,37.233333333333334,0
839,80.0,0
840,80.0,0
841,59.11666666666667,1
842,20.883333333333333,0
843,80.0,0
844,80.0,0
845,80.0,0
846,4.033333333333333,1
847,75.96666666666667,0
848,80.0,0
849,80.0,0
850,63.26666666666666,1
851,16.73333333333334,0
852,80.0,0
853,25.35,1
854,54.65,0
855,80.0,0
856,13.733333333333333,1
857,66.26666666666667,0
858,7.35,1
859,35.65,1
860,37.0,0
861,50.13333333333333,1
862,29.866666666666667,0
863,80.0,0
864,80.0,0
865,80.0,0
866,80.0,0
867,80.0,0
868,80.0,0
869,52.95,1
870,27.049999999999997,0
871,80.0,0
872,80.0,0
873,48.5,1
874,31.5,0
875,80.0,0
876,45.75,1
877,34.25,0
878,80.0,0
879,80.0,0
880,80.0,0
881,80.0,0
882,80.0,0
883,17.966666666666665,1
884,22.033333333333335,1
885,40.0,0
886,3.5,1
887,76.5,0
888,80.0,0
889,80.0,0
890,80.0,0
891,43.78333333333333,1
892,36.21666666666667,0
893,80.0,0
894,80.0,0
895,80.0,0
896,80.0,0
897,80.0,0
898,80.0,0
899,80.0,0
900,68.91666666666667,1
901,11.083333333333329,0
902,19.466666666666665,1
903,60.53333333333333,1
905,80.0,0
906,80.0,0
907,80.0,0
908,80.0,0
909,80.0,0
910,80.0,0
911,73.51666666666667,1
912,6.483333333333334,0
913,80.0,0
914,6.45,1
915,73.55,0
916,10.733333333333333,1
917,69.26666666666667,0
918,80.0,0
919,80.0,0
920,80.0,0
921,39.56666666666667,1
922,40.43333333333333,0
923,20.78333333333333,1
924,59.21666666666667,0
925,80.0,0
926,80.0,0
927,79.48333333333333,1
928,0.5166666666666657,0
929,70.9,1
930,9.099999999999994,0
931,80.0,0
932,19.116666666666667,1
933,51.76666666666667,1
934,9.11666666666666,0
935,80.0,0
936,80.0,0
937,30.9,1
938,49.1,0
939,6.316666666666666,1
940,73.68333333333334,0
941,73.56666666666666,1
942,6.433333333333337,0
943,80.0,0
944,80.0,0
945,80.0,0
946,80.0,0
947,40.0,1
948,40.0,0
949,80.0,0
950,43.63333333333333,1
951,36.36666666666667,0
952,80.0,0
953,75.7,1
954,4.299999999999997,0
955,80.0,0
956,80.0,0
957,80.0,0
958,21.716666666666665,1
959,35.71666666666667,1
960,22.56666666666667,0
961,79.43333333333334,1
962,0.5666666666666629,0
963,80.0,0
964,68.5,1
965,11.5,0
966,80.0,0
967,80.0,0
968,50.75,1
969,29.25,0
970,30.38333333333333,1
971,49.616666666666674,0
972,71.63333333333334,1
973,8.36666666666666,0
974,80.0,0
975,80.0,0
976,80.0,0
977,80.0,0
978,80.0,0
979,80.0,0
980,79.06666666666666,1
981,0.9333333333333371,0
982,80.0,0
983,53.01666666666666,1
984,26.98333333333334,0
985,80.0,0
986,80.0,0
987,40.0,1
988,40.0,0
989,80.0,0
990,80.0,0
991,80.0,0
992,80.0,0
993,63.93333333333333,1
994,16.06666666666667,0
995,54.96666666666667,1
996,25.03333333333333,0
997,40.0,1
998,40.0,0
999,80.0,0
1000,13.833333333333336,1
1001,16.13333333333333,1
1002,50.03333333333333,0
1003,80.0,0
1004,14.45,1
1005,65.55,0
1006,80.0,0
1007,80.0,0
1008,80.0,0
1009,80.0,0
1010,80.0,0
1011,75.1,1
1012,4.900000000000006,0
1013,80.0,0
1014,80.0,0
1015,80.0,0
1016,80.0,0
1017,80.0,0
1018,80.0,0
1019,80.0,0
1020,80.0,0
1021,80.0,0
1022,6.25,1
1023,29.75,1
1024,43.95,1
1025,0.04999999999999716,0
1026,9.0,1
1027,71.0,0
1028,80.0,0
1029,80.0,0
1030,80.0,0
1031,80.0,0
1032,41.36666666666667,1
1033,38.63333333333333,0
1034,80.0,0
1035,80.0,0
1036,27.8,1
1037,52.2,0
1038,38.833333333333336,1
1039,41.166666666666664,0
1040,80.0,0
1041,57.5,1
1042,3.68333333333333,1
1043,18.81666666666667,0
1044,20.866666666666667,1
1045,59.13333333333333,0
1046,56.1,1
1047,23.9,0
1048,35.166666666666664,1
1049,44.833333333333336,0
1050,80.0,0
1051,60.86666666666667,1
1052,19.133333333333333,0
1053,40.0,1
1054,40.0,0
1055,56.45,1
1056,23.549999999999997,0
1057,30.716666666666665,1
1058,49.28333333333333,0
1059,80.0,0
1060,80.0,0
1061,80.0,0
1062,80.0,0
1063,80.0,0
1064,80.0,0
1065,72.08333333333333,1
1066,7.916666666666671,0
1067,4.766666666666667,1
1068,75.23333333333333,0
1069,10.233333333333333,1
1070,5.2666666666666675,1
1071,64.5,0
1072,80.0,0
1073,36.21666666666667,1
1074,10.199999999999989,1
1075,7.783333333333346,1
1076,25.799999999999997,0
1077,66.05,1
1078,13.950000000000003,0
1079,80.0,0
1080,80.0,0
1081,80.0,0
1082,17.6,1
1083,62.4,0
1084,80.0,0
1085,80.0,0
1086,28.966666666666665,1
1087,51.03333333333333,0
1088,80.0,0
1089,80.0,0
1090,4.583333333333333,1
1091,47.43333333333332,1
1092,27.98333333333334,1
1094,80.0,0
1095,80.0,0
1096,29.55,1
1097,50.45,0
1098,80.0,0
1099,62.96666666666667,1
1100,10.933333333333337,1
1101,6.099999999999994,0
1102,14.416666666666664,1
1103,8.700000000000006,1
1104,19.849999999999998,1
1105,37.03333333333333,0
1106,39.98333333333333,1
1107,40.01666666666667,0
1108,80.0,0
1109,80.0,0
1110,80.0,0
1111,80.0,0
1112,48.05,1
1113,31.950000000000003,0
1114,80.0,0
1115,80.0,0
1116,80.0,0
1117,80.0,0
1118,9.416666666666666,1
1119,42.86666666666667,1
1120,27.71666666666667,0
1121,13.483333333333333,1
1122,56.3,1
1123,10.216666666666669,0
1124,80.0,0
1125,47.18333333333333,1
1126,32.81666666666667,0
1127,80.0,0
1128,80.0,0
1129,20.916666666666668,1
1130,12.099999999999998,1
1131,46.983333333333334,0
1132,80.0,0
1133,64.2,1
1134,13.883333333333326,1
1135,1.9166666666666714,0
1136,4.983333333333333,1
1137,75.01666666666667,0
1138,51.58333333333334,1
1139,25.98333333333332,1
1140,2.433333333333337,0
1141,80.0,0
1142,80.0,0
1143,80.0,0
1144,80.0,0
1145,54.98333333333333,1
1146,25.016666666666673,0
1147,80.0,0
1148,80.0,0
1149,80.0,0
1150,80.0,0
1151,80.0,0
1152,7.383333333333334,1
1153,72.61666666666666,0
1154,40.0,1
1155,40.0,0
1156,4.233333333333333,1
1157,3.4833333333333343,1
1158,72.28333333333333,0
1159,21.15,1
1160,58.85,0
1161,16.3,1
1162,23.616666666666656,1
1163,40.08333333333334,0
1164,77.91666666666667,1
1165,2.0833333333333286,0
1166,80.0,0
1167,80.0,0
1168,80.0,0
1169,80.0,0
1170,80.0,0
1171,80.0,0
1172,80.0,0
1173,80.0,0
1174,80.0,0
1175,80.0,0
1176,16.266666666666666,1
1177,63.733333333333334,0
1178,80.0,0
1179,80.0,0
1180,31.6,1
1181,48.4,0
1182,38.06666666666667,1
1183,41.93333333333333,0
1184,80.0,0
1185,80.0,1
1187,80.0,0
1188,40.0,1
1189,40.0,0
1190,27.216666666666665,1
1191,52.78333333333333,0
1192,80.0,0
1193,80.0,0
1194,80.0,0
1195,22.78333333333333,1
1196,57.21666666666667,0
1197,80.0,0
1198,76.23333333333333,1
1199,3.7666666666666657,0
1200,80.0,0
1201,80.0,0
1202,80.0,0
1203,38.86666666666667,1
1204,41.13333333333333,0
1205,80.0,0
1206,80.0,0
1207,80.0,0
1208,13.75,1
1209,41.91666666666666,1
1210,24.333333333333343,0
1211,80.0,0
1212,80.0,0
1213,80.0,0
1214,80.0,0
1215,80.0,0
1216,80.0,0
1217,72.05,1
1218,7.950000000000003,0
1219,80.0,0
1220,80.0,0
1221,80.0,0
1222,33.63333333333333,1
1223,46.36666666666667,0
1224,80.0,0
1225,80.0,0
1226,80.0,0
1227,11.133333333333333,1
1228,68.86666666666667,0
1229,39.8,1
1230,40.2,0
1231,11.466666666666667,1
1232,68.51666666666667,1
1233,0.01666666666666572,0
1234,70.98333333333333,1
1235,2.7666666666666657,1
1236,6.25,0
1237,80.0,0
1238,80.0,0
1239,80.0,0
1240,31.78333333333333,1
1241,48.21666666666667,0
1242,80.0,0
1243,80.0,0
1244,80.0,0
1245,80.0,0
1246,28.03333333333333,1
1247,51.96666666666667,0
1248,80.0,0
1249,80.0,0
1250,80.0,0
1251,80.0,0
1252,80.0,0
1253,80.0,0
1254,80.0,0
1255,80.0,0
1256,80.0,0
1257,38.5,1
1258,41.5,0
1259,80.0,0
1260,80.0,0
1261,73.46666666666667,1
1262,6.533333333333331,0
1263,80.0,0
1264,39.766666666666666,1
1265,40.233333333333334,0
1266,80.0,0
1267,73.73333333333333,1
1268,6.266666666666666,0
1269,80.0,0
1270,80.0,0
1271,80.0,0
1272,80.0,0
1273,80.0,0
1274,80.0,0
1275,80.0,0
1276,80.0,0
1277,80.0,0
1278,80.0,0
1279,12.866666666666667,1
1280,67.13333333333333,0
1281,80.0,0
1282,68.63333333333334,1
1283,7.666666666666657,1
1284,3.700000000000003,0
1285,35.8,1
1286,44.2,0
1287,40.0,1
1288,8.700000000000003,1
1289,31.299999999999997,0
1290,80.0,0
1291,80.0,0
1292,48.06666666666667,1
1293,31.93333333333333,0
1294,80.0,0
1295,80.0,0
1296,80.0,0
1297,80.0,0
1298,80.0,0
1299,80.0,0
1300,80.0,0
1301,48.73333333333333,1
1302,16.616666666666667,1
1303,14.650000000000006,0
1304,80.0,0
1305,80.0,0
1306,80.0,0
1307,80.0,0
1308,80.0,0
1309,80.0,0
1310,80.0,0
1311,80.0,0
1312,80.0,0
1313,80.0,0
1314,4.95,1
1315,75.05,0
1316,51.71666666666667,1
1317,28.28333333333333,0
1318,11.283333333333333,1
1319,68.71666666666667,0
1320,53.1,1
1321,26.9,0
1322,8.216666666666667,1
1323,71.78333333333333,0
1324,80.0,0
1325,67.0,1
1326,5.38333333333334,1
1327,7.61666666666666,0
1328,80.0,0
1329,80.0,0
1330,80.0,0
1331,80.0,0
1332,80.0,0
1333,80.0,0
1334,80.0,0
1335,27.13333333333333,1
1336,52.866666666666674,0
1337,80.0,0
1338,80.0,0
1339,40.0,1
1340,40.0,0
1341,80.0,0
1342,80.0,0
1343,80.0,0
1344,6.75,1
1345,73.25,0
1346,66.55,1
1347,13.450000000000003,0
1348,49.46666666666667,1
1349,30.53333333333333,0
1350,49.28333333333333,1
1351,30.71666666666667,0
1352,8.533333333333333,1
1353,28.616666666666667,1
1354,16.91666666666667,1
1355,25.93333333333333,0
1356,80.0,0
1357,80.0,0
1358,80.0,0
1359,11.05,1
1360,68.95,0
1361,80.0,0
1362,80.0,0
1363,80.0,0
1364,9.1,1
1365,70.9,0
1366,20.516666666666666,1
1367,52.91666666666667,1
1368,6.566666666666663,0
1369,80.0,0
1370,80.0,0
1371,64.23333333333333,1
1372,9.549999999999997,1
1373,6.216666666666669,0
1374,80.0,0
1375,80.0,0
1376,55.2,1
1377,24.799999999999997,0
1378,80.0,0
1379,80.0,0
1380,80.0,0
1381,80.0,0
1382,80.0,0
1383,80.0,0
1384,80.0,0
1385,80.0,0
1386,80.0,0
1387,80.0,0
1388,16.933333333333334,1
1389,63.06666666666666,0
1390,10.466666666666667,1
1391,69.53333333333333,0
1392,80.0,0
1393,80.0,0
1394,80.0,0
1395,80.0,0
1396,9.3,1
1397,25.683333333333326,1
1398,45.01666666666667,0
1399,80.0,0
1400,80.0,0
1401,80.0,0
1402,80.0,0
1405,80.0,0
1406,80.0,0
1407,78.51666666666667,1
1408,1.4833333333333343,0
1409,20.483333333333334,1
1410,59.516666666666666,0
1411,80.0,0
1412,80.0,0
1413,80.0,0
1414,14.016666666666667,1
1415,65.98333333333333,0
1416,32.71666666666667,1
1417,7.233333333333334,1
1418,40.05,0
1419,80.0,0
1420,80.0,0
1421,80.0,0
1422,80.0,0
1423,39.85,1
1424,40.15,0
1425,51.06666666666667,1
1426,28.93333333333333,0
1427,80.0,0
1428,23.8,1
1429,56.2,0
1430,80.0,0
1431,80.0,0
1432,80.0,0
1433,80.0,0
1434,80.0,0
1435,38.86666666666667,1
1436,41.13333333333333,0
1437,80.0,0
1438,80.0,0
1439,80.0,0
1440,80.0,0
1441,80.0,0
1442,4.65,1
1443,19.383333333333333,1
1444,45.08333333333333,1
1445,10.88333333333334,0
1446,29.35,1
1447,50.65,0
1448,80.0,0
1449,80.0,1
1451,80.0,0
1452,80.0,0
1453,80.0,0
1454,80.0,0
1455,2.55,1
1456,28.08333333333333,1
1457,34.650000000000006,1
1458,7.25,1
1459,7.466666666666669,0
1460,74.91666666666667,1
1461,5.083333333333329,0
1462,80.0,0
1463,80.0,0
1464,80.0,0
1465,39.85,1
1466,34.550000000000004,1
1467,4.266666666666666,1
1468,1.3333333333333286,0
1469,80.0,0
1470,76.38333333333334,1
1471,3.61666666666666,0
1472,80.0,0
1473,38.05,1
1474,41.95,0
1475,80.0,0
1476,80.0,0
1477,70.06666666666666,1
1478,9.933333333333337,0
1479,80.0,0
1480,80.0,0
1481,80.0,0
1482,80.0,0
1483,80.0,0
1484,80.0,0
1485,80.0,0
1486,75.1,1
1487,4.900000000000006,0
1488,12.4,1
1489,12.46666666666667,1
1490,22.016666666666662,1
1491,33.11666666666667,0
1492,80.0,0
1493,80.0,0
1494,80.0,0
1495,80.0,0
1496,80.0,0
1497,39.63333333333333,1
1498,40.36666666666667,0
1499,80.0,0
1500,80.0,0
1501,47.9,1
1502,32.1,0
1503,22.066666666666666,1
1504,6.899999999999999,1
1505,51.03333333333333,0
1506,10.983333333333333,1
1507,69.01666666666667,0
1508,7.0166666666666675,1
1509,14.483333333333333,1
1510,58.5,0
1511,11.766666666666667,1
1512,68.23333333333333,0
1513,80.0,0
1514,80.0,0
1515,80.0,0
1516,40.0,1
1517,40.0,0
1518,80.0,0
1519,64.41666666666667,1
1520,15.583333333333329,0
1521,27.65,1
1522,52.35,0
1523,80.0,0
1524,42.15,1
1525,37.85,0
1526,44.43333333333333,1
1527,35.56666666666667,0
1528,50.76666666666666,1
1529,29.23333333333334,0
1530,80.0,0
1531,80.0,0
1532,22.8,1
1533,4.449999999999999,1
1534,52.75,0
1535,61.5,1
1536,5.166666666666671,1
1537,13.333333333333329,0
1538,80.0,0
1539,67.41666666666667,1
1540,12.583333333333329,0
1541,80.0,0
1542,13.366666666666667,1
1543,9.633333333333333,1
1544,35.16666666666666,1
1545,4.683333333333344,1
1546,17.15,0
1547,80.0,0
1548,40.0,1
1549,8.216666666666669,1
1550,31.78333333333333,0
1551,80.0,0
1552,80.0,0
1553,80.0,0
1554,40.0,1
1555,40.0,0
1556,57.81666666666667,1
1557,22.18333333333333,0
1558,73.28333333333333,1
1559,6.716666666666669,0
1560,80.0,0
1561,80.0,0
1562,59.98333333333333,1
1563,3.583333333333343,1
1564,16.43333333333333,0
1565,80.0,0
1566,6.65,1
1567,73.35,0
1568,80.0,0
1569,80.0,0
1570,80.0,0
1571,40.0,1
1572,16.583333333333343,1
1573,23.416666666666657,0
1574,80.0,0
1575,80.0,0
1576,80.0,0
1577,80.0,0
1578,11.066666666666665,1
1579,68.93333333333334,0
1580,5.866666666666667,1
1581,74.13333333333333,0
1582,80.0,0
1583,80.0,0
1584,80.0,0
1585,57.58333333333334,1
1586,22.416666666666657,0
1587,80.0,0
1588,80.0,0
1589,62.61666666666667,1
1590,17.383333333333333,0
1591,39.98333333333333,1
1592,4.266666666666673,1
1593,35.75,0
1594,59.65,1
1595,20.35,0
1596,43.41666666666666,1
1597,36.58333333333334,0
1598,23.83333333333333,1
1599,32.91666666666667,1
1600,23.25,0
1601,80.0,0
1602,68.3,1
1603,3.200000000000003,1
1604,8.5,0
1605,3.1666666666666665,1
1606,36.833333333333336,1
1607,40.0,0
1608,80.0,0
1609,80.0,0
1610,78.71666666666667,1
1611,1.2833333333333314,0
1612,80.0,0
1613,80.0,0
1614,34.2,1
1615,3.0333333333333243,1
1616,42.76666666666667,0
1617,80.0,0
1618,78.06666666666666,1
1619,1.9333333333333371,0
1620,80.0,0
1621,80.0,0
1622,49.45,1
1623,30.549999999999997,0
1624,80.0,0
1625,17.55,1
1626,62.45,0
1627,80.0,0
1628,80.0,0
1629,80.0,0
1630,16.8,1
1631,63.2,0
1632,80.0,0
1633,43.93333333333333,1
1634,36.06666666666667,0
1635,80.0,0
1636,19.616666666666667,1
1637,60.38333333333333,0
1638,44.0,1
1639,36.0,0
1640,19.58333333333333,1
1641,60.41666666666667,0
1642,6.4833333333333325,1
1643,73.51666666666667,0
1644,80.0,0
1645,80.0,0
1646,80.0,0
1647,42.28333333333333,1
1648,37.71666666666667,0
1649,28.266666666666666,1
1650,16.800000000000004,1
1651,34.93333333333333,0
1652,80.0,0
1653,80.0,0
1654,80.0,0
1655,80.0,0
1656,50.96666666666667,1
1657,29.03333333333333,0
1658,80.0,1
1660,21.116666666666667,1
1661,8.300000000000004,1
1662,14.016666666666659,1
1663,36.56666666666667,0
1664,21.133333333333333,1
1665,43.78333333333334,1
1666,15.083333333333329,0
1667,80.0,0
1668,23.9,1
1669,15.983333333333334,1
1670,40.11666666666667,0
1671,80.0,0
1672,25.63333333333333,1
1673,10.983333333333338,1
1674,43.38333333333333,0
1675,80.0,0
1676,22.766666666666666,1
1677,57.233333333333334,0
1678,44.13333333333333,1
1679,35.86666666666667,0
1680,80.0,0
1681,80.0,0
1682,43.53333333333333,1
1683,10.866666666666667,1
1684,25.6,0
1685,80.0,0
1686,80.0,0
1687,80.0,0
1688,80.0,0
1689,80.0,0
1690,80.0,0
1691,80.0,0
1692,80.0,0
1693,80.0,0
1694,80.0,0
1695,80.0,0
1696,80.0,0
1697,67.91666666666667,1
1698,12.083333333333329,0
1699,63.88333333333333,1
1700,16.116666666666667,0
1701,80.0,0
1702,80.0,0
1703,80.0,0
1704,76.0,1
1705,4.0,0
1706,80.0,0
1707,80.0,0
1708,65.01666666666667,1
1709,14.983333333333334,0
1710,48.3,1
1711,16.21666666666667,1
1712,15.483333333333334,0
1713,80.0,0
1714,80.0,0
1715,39.93333333333333,1
1716,40.06666666666667,0
1717,80.0,0
1718,80.0,0
1719,36.61666666666667,1
1720,43.38333333333333,0
1721,80.0,0
1722,26.95,1
1723,38.58333333333333,1
1724,14.466666666666669,0
1725,33.65,1
1726,23.01666666666666,1
1727,20.650000000000006,1
1728,2.683333333333337,0
1729,80.0,1
1731,80.0,0
1732,6.133333333333334,1
1733,73.86666666666666,0
1734,32.96666666666667,1
1735,13.399999999999999,1
1736,33.63333333333333,0
1737,18.933333333333334,1
1738,50.55,1
1739,7.0,1
1740,3.5166666666666657,0
1741,80.0,0
1742,80.0,0
1743,37.41666666666666,1
1744,42.58333333333334,0
1745,80.0,0
1746,26.2,1
1747,26.833333333333332,1
1748,2.8000000000000114,1
1749,24.166666666666657,0
1750,80.0,0
1751,80.0,0
1752,80.0,0
1753,80.0,0
1754,79.46666666666667,1
1755,0.5333333333333314,0
1756,80.0,0
1757,80.0,0
1758,23.1,1
1759,56.9,0
1760,80.0,0
1761,73.85,1
1762,6.150000000000006,0
1763,16.6,1
1764,61.85,1
1765,1.5499999999999972,0
1766,80.0,0
1767,80.0,0
1768,11.866666666666667,1
1769,68.13333333333333,0
1770,80.0,0
1771,80.0,0
1772,80.0,0
1773,2.75,1
1774,53.28333333333333,1
1775,23.96666666666667,0
1776,80.0,0
1777,45.81666666666667,1
1778,34.18333333333333,0
1779,18.28333333333333,1
1780,28.483333333333327,1
1781,33.23333333333334,0
1782,80.0,0
1783,7.716666666666668,1
1784,72.28333333333333,0
1785,80.0,0
1786,40.0,1
1787,40.0,0
1788,80.0,0
1789,58.08333333333334,1
1790,4.699999999999989,1
1791,17.21666666666667,0
1792,51.83333333333334,1
1793,28.166666666666657,0
1794,14.183333333333335,1
1795,65.81666666666666,0
1796,4.5,1
1797,75.5,0
1798,80.0,0
1799,19.95,1
1800,20.05,1
1801,40.0,0
1802,80.0,0
1803,80.0,0
1804,80.0,0
1805,59.33333333333334,1
1806,20.666666666666657,0
1807,19.28333333333333,1
1808,38.11666666666667,1
1809,22.6,0
1810,80.0,0
1811,80.0,0
1812,80.0,0
1813,80.0,0
1814,80.0,0
1815,80.0,0
1816,80.0,0
1817,80.0,0
1818,80.0,0
1819,80.0,0
1820,80.0,0
1821,7.0,1
1822,33.0,1
1823,40.0,0
1824,74.23333333333333,1
1825,5.766666666666666,0
1826,28.03333333333333,1
1827,11.949999999999996,1
1828,40.01666666666667,0
1829,3.6833333333333336,1
1830,74.51666666666667,1
1831,1.7999999999999972,0
1832,80.0,0
1833,5.633333333333333,1
1834,49.11666666666667,1
1835,25.25,0
1836,80.0,0
1837,20.5,1
1838,28.65,1
1839,30.85,0
1840,80.0,0
1841,80.0,0
1842,80.0,0
1843,15.266666666666667,1
1844,5.683333333333332,1
1845,59.05,0
1846,21.266666666666666,1
1847,58.733333333333334,0
1848,28.85,1
1849,25.23333333333334,1
1850,25.916666666666657,0
1851,80.0,0
1852,80.0,0
1853,64.05,1
1854,15.950000000000003,0
1855,2.4,1
1856,77.6,0
1857,34.95,1
1858,45.05,0
1859,80.0,0
1860,80.0,0
1861,80.0,0
1862,23.516666666666666,1
1863,40.81666666666666,1
1864,15.666666666666671,0
1865,9.516666666666667,1
1866,70.48333333333333,0
1867,80.0,0
1868,21.15,1
1869,41.15,1
1870,17.700000000000003,0
1871,80.0,0
1872,80.0,0
1873,80.0,0
1874,80.0,0
1875,80.0,0
1876,31.266666666666666,1
1877,48.733333333333334,0
1878,45.58333333333334,1
1879,34.41666666666666,0
1880,80.0,0
1881,80.0,0
1882,80.0,0
1883,80.0,0
1884,4.233333333333333,1
1885,75.76666666666667,0
1886,29.066666666666666,1
1887,34.650000000000006,1
1888,6.083333333333329,1
1889,10.200000000000003,0
1890,5.716666666666668,1
1891,74.28333333333333,0
1892,80.0,0
1893,80.0,0
1894,80.0,0
1895,80.0,0
1896,80.0,0
1897,80.0,0
1898,26.61666666666667,1
1899,53.383333333333326,0
1900,80.0,0
1901,62.25,1
1902,17.75,0
1903,11.566666666666665,1
1904,68.43333333333334,0
1905,13.516666666666667,1
1906,66.48333333333333,0
1907,4.183333333333334,1
1908,75.81666666666666,0
1909,56.65,1
1910,23.35,0
1911,50.48333333333333,1
1912,26.683333333333344,1
1913,2.8333333333333286,0
1914,35.833333333333336,1
1915,36.71666666666666,1
1916,7.450000000000003,0
1917,11.85,1
1918,68.15,0
1919,80.0,0
1920,80.0,0
1921,4.133333333333334,1
1922,75.86666666666666,0
1923,30.41666666666667,1
1924,18.11666666666666,1
1925,18.16666666666667,1
1926,13.299999999999997,0
1927,62.05,1
1928,17.88333333333334,1
1929,0.06666666666666288,0
1930,69.43333333333334,1
1931,10.566666666666663,0
1932,80.0,0
1933,80.0,0
1934,18.816666666666666,1
1935,18.883333333333336,1
1936,24.316666666666656,1
1937,17.98333333333334,0
1938,66.43333333333334,1
1939,13.566666666666663,0
1940,15.9,1
1941,64.1,0
1942,80.0,0
1943,80.0,0
1944,80.0,0
1945,79.85,1
1946,0.15000000000000568,0
1947,39.95,1
1948,29.03333333333333,1
1949,11.016666666666666,0
1950,39.23333333333333,1
1951,40.76666666666667,0
1952,80.0,0
1953,34.73333333333333,1
1954,41.53333333333334,1
1955,3.7333333333333343,0
1956,17.116666666666667,1
1957,62.88333333333333,0
1958,80.0,0
1959,80.0,0
1960,80.0,0
1961,62.58333333333334,1
1962,7.183333333333323,1
1963,10.233333333333334,0
1964,12.65,1
1965,20.21666666666667,1
1966,47.13333333333333,0
1967,80.0,0
1968,80.0,0
1969,80.0,0
1970,80.0,0
1971,74.98333333333333,1
1972,5.016666666666666,0
1973,80.0,0
1974,80.0,0
1975,40.0,1
1976,40.0,0
1977,80.0,0
1978,39.31666666666667,1
1979,40.68333333333333,0
1980,80.0,0
1981,30.216666666666665,1
1982,49.78333333333333,0
1983,80.0,0
1984,80.0,0
1985,80.0,0
1986,80.0,0
1987,3.8166666666666655,1
1988,76.18333333333334,0
1989,80.0,0
1990,80.0,0
1991,80.0,0
1992,80.0,0
1993,80.0,0
1994,80.0,0
1995,14.466666666666667,1
1996,65.53333333333333,0
1997,78.03333333333333,1
1998,1.9666666666666686,0
1999,80.0,0
2000,31.466666666666665,1
2001,48.53333333333333,0
2002,75.3,1
2003,4.700000000000003,0
2004,27.566666666666666,1
2005,52.43333333333334,0
2006,80.0,0
2007,80.0,0
2008,23.08333333333333,1
2009,56.91666666666667,0
2010,50.53333333333333,1
2011,29.46666666666667,0
2012,80.0,0
2013,80.0,0
2014,53.16666666666666,1
2015,26.833333333333343,0
2016,80.0,0
2017,79.73333333333333,1
2018,0.2666666666666657,0
2019,80.0,0
2020,80.0,0
2021,80.0,0
2022,10.65,1
2023,69.35,0
2024,14.666666666666664,1
2025,14.000000000000007,1
2026,51.33333333333333,0
2027,80.0,0
2028,80.0,0
2029,80.0,0
2030,80.0,0
2031,50.13333333333333,1
2032,29.866666666666667,0
2033,80.0,0
2034,80.0,0
2035,80.0,0
2036,80.0,0
2037,7.25,1
2038,22.266666666666666,1
2039,50.483333333333334,0
2040,80.0,0
2041,56.65,1
2042,23.35,0
2043,80.0,0
2044,80.0,0
2045,80.0,0
2046,7.283333333333332,1
2047,72.71666666666667,0
2048,80.0,0
2049,80.0,0
2050,68.75,1
2051,11.25,0
2052,80.0,0
2053,8.5,1
2054,3.4499999999999993,1
2055,24.083333333333332,1
2056,10.5,1
2057,33.46666666666667,0
2058,79.16666666666667,1
2059,0.8333333333333286,0
2060,42.65,1
2061,37.35,0
2062,10.883333333333333,1
2063,69.11666666666667,0
2064,80.0,0
2065,80.0,0
2066,55.0,1
2067,25.0,0
2068,80.0,0
2069,14.816666666666665,1
2070,65.18333333333334,0
2071,24.23333333333333,1
2072,32.016666666666666,1
2073,23.75,0
2074,80.0,0
2075,46.76666666666666,1
2076,14.63333333333334,1
2077,18.6,0
2078,80.0,0
2079,80.0,0
2080,80.0,0
2081,8.2,1
2082,71.8,0
2083,31.966666666666665,1
2084,21.966666666666665,1
2085,26.06666666666667,0
2086,80.0,0
2087,80.0,0
2088,80.0,0
2089,80.0,0
2090,64.01666666666667,1
2091,15.983333333333334,0
2092,74.1,1
2093,5.900000000000006,0
2094,12.55,1
2095,50.599999999999994,1
2096,16.85,0
2097,80.0,0
2098,80.0,0
2099,30.98333333333333,1
2100,49.016666666666666,0
2101,67.85,1
2102,12.150000000000006,0
2103,80.0,0
2104,76.76666666666667,1
2105,3.2333333333333343,0
2106,80.0,0
2107,48.88333333333333,1
2108,19.383333333333333,1
2109,9.566666666666663,1
2110,2.1666666666666714,0
2111,15.25,1
2112,52.95,1
2113,11.799999999999997,0
2114,80.0,0
2115,80.0,0
2116,80.0,0
2117,80.0,0
2118,80.0,0
2119,80.0,0
2120,61.28333333333333,1
2121,18.71666666666667,0
2122,80.0,0
2123,80.0,0
2124,80.0,0
2125,65.36666666666666,1
2126,14.63333333333334,0
2127,2.45,1
2128,77.55,0
2129,80.0,0
2130,53.88333333333333,1
2131,14.166666666666664,1
2132,11.950000000000003,0
2133,80.0,0
2134,16.05,1
2135,63.95,0
2136,80.0,0
2137,80.0,0
2138,80.0,0
2139,80.0,0
2140,80.0,0
2141,80.0,0
2142,80.0,0
2143,80.0,0
2144,9.933333333333334,1
2145,70.06666666666666,0
2146,22.716666666666665,1
2147,31.983333333333338,1
2148,25.299999999999997,0
2149,11.266666666666667,1
2150,68.73333333333333,0
2151,79.25,1
2152,0.75,0
2153,80.0,0
2154,80.0,0
2155,9.9,1
2156,68.36666666666666,1
2157,1.7333333333333343,0
2158,56.11666666666667,1
2159,23.883333333333333,0
2160,10.566666666666666,1
2161,69.43333333333334,0
2162,80.0,0
2163,33.28333333333333,1
2164,46.71666666666667,0
2165,40.0,1
2166,25.933333333333337,1
2167,14.066666666666663,0
2168,80.0,0
2169,80.0,0
2170,10.5,1
2171,39.06666666666667,1
2172,30.43333333333333,0
2173,3.466666666666667,1
2174,17.483333333333334,1
2175,59.05,0
2176,80.0,0
2177,80.0,0
2178,80.0,0
2179,80.0,0
2180,16.666666666666668,1
2181,19.900000000000002,1
2182,43.43333333333333,0
2183,80.0,0
2184,80.0,0
2185,80.0,0
2186,80.0,0
2187,80.0,0
2188,36.96666666666667,1
2189,43.03333333333333,0
2190,80.0,0
2191,80.0,0
2192,26.55,1
2193,53.45,0
2194,80.0,0
2195,80.0,0
2196,80.0,0
2197,59.76666666666666,1
2198,20.23333333333334,0
2199,8.35,1
2200,71.65,0
2201,80.0,0
2202,67.46666666666667,1
2203,12.533333333333331,0
2204,7.7,1
2205,72.3,0
2206,76.45,1
2207,3.549999999999997,0
2208,80.0,0
2209,23.566666666666666,1
2210,56.43333333333334,0
2211,80.0,0
2212,80.0,0
2213,80.0,0
2214,80.0,0
2215,80.0,0
2216,80.0,0
2217,80.0,0
2218,16.266666666666666,1
2219,48.38333333333334,1
2220,15.349999999999994,0
2221,80.0,0
2222,18.883333333333333,1
2223,61.11666666666667,0
2224,80.0,0
2225,80.0,0
2226,21.91666666666667,1
2227,58.08333333333333,0
2228,80.0,0
2229,80.0,0
2230,46.2,1
2231,33.8,0
2232,80.0,0
2233,20.53333333333333,1
2234,59.46666666666667,0
2235,80.0,0
2236,12.416666666666664,1
2237,67.58333333333334,0
2238,80.0,0
2239,80.0,0
2240,8.1,1
2241,20.08333333333333,1
2242,51.81666666666667,0
2243,80.0,0
2244,80.0,0
2245,80.0,0
2246,80.0,0
2247,80.0,0
2248,80.0,0
2249,21.0,1
2250,59.0,0
2251,80.0,0
2252,80.0,0
2253,80.0,0
2254,25.066666666666666,1
2255,54.93333333333334,0
2256,80.0,0
2257,80.0,0
2258,34.36666666666667,1
2259,45.63333333333333,0
2260,80.0,0
2261,80.0,0
2262,80.0,0
2263,80.0,0
2264,80.0,0
2265,80.0,0
2266,80.0,0
2267,28.73333333333333,1
2268,51.266666666666666,0
2269,80.0,0
2270,80.0,0
2271,26.41666666666667,1
2272,53.58333333333333,0
2273,68.13333333333334,1
2274,11.86666666666666,0
2275,80.0,0
2276,52.98333333333333,1
2277,27.016666666666673,0
2278,8.016666666666667,1
2279,71.98333333333333,0
2280,80.0,0
2281,80.0,0
2282,80.0,0
2283,80.0,0
2284,40.0,1
2285,40.0,0
2286,31.08333333333333,1
2287,25.78333333333334,1
2288,13.800000000000004,1
2289,9.333333333333329,0
2290,40.0,1
2291,40.0,0
2292,80.0,0
2293,50.58333333333334,1
2294,29.416666666666657,0
2295,80.0,0
2296,80.0,0
2297,80.0,0
2298,80.0,0
2299,80.0,1
2301,80.0,0
2302,80.0,0
2303,78.05,1
2304,1.9500000000000028,0
2305,80.0,0
2306,20.466666666666665,1
2307,59.53333333333333,0
2308,80.0,0
2309,28.48333333333333,1
2310,11.51666666666667,1
2311,40.0,0
2312,80.0,0
2313,80.0,0
2314,80.0,0
2315,17.666666666666668,1
2316,62.33333333333333,0
2317,80.0,0
2318,61.98333333333333,1
2319,18.016666666666673,0
2320,80.0,0
2321,80.0,0
2322,80.0,0
2323,80.0,0
2324,80.0,0
2325,8.783333333333333,1
2326,71.21666666666667,0
2327,80.0,0
2328,80.0,0
2329,80.0,0
2330,80.0,0
2331,7.283333333333332,1
2332,17.65,1
2333,55.06666666666667,1
2335,80.0,0
2336,61.9,1
2337,18.1,0
2338,38.73333333333333,1
2339,41.26666666666667,0
2340,80.0,0
2341,40.0,1
2342,40.0,0
2343,80.0,0
2344,80.0,0
2345,80.0,0
2346,80.0,0
2347,80.0,0
2348,10.233333333333333,1
2349,69.76666666666667,0
2350,39.9,1
2351,40.1,0
2352,80.0,0
2353,80.0,0
2354,80.0,0
2355,80.0,0
2356,3.8,1
2357,76.2,0
2358,15.166666666666664,1
2359,64.83333333333334,0
2360,30.6,1
2361,47.43333333333333,1
2362,1.9666666666666686,0
2363,80.0,0
2364,7.55,1
2365,72.45,0
2366,80.0,0
2367,80.0,0
2368,21.25,1
2369,58.75,0
2370,12.433333333333335,1
2371,67.56666666666666,0
2372,80.0,0
2373,80.0,0
2374,80.0,0
2375,40.0,1
2376,29.78333333333333,1
2377,8.533333333333331,1
2378,1.6833333333333371,0
2379,2.5,1
2380,22.66666666666667,1
2381,54.83333333333333,0
2382,48.23333333333333,1
2383,31.766666666666673,0
2384,33.7,1
2385,46.3,0
2386,80.0,0
2387,56.81666666666667,1
2388,10.216666666666661,1
2389,12.966666666666669,0
2390,80.0,0
2391,24.35,1
2392,55.65,0
2393,80.0,0
2394,80.0,0
2395,80.0,0
2396,80.0,0
2397,80.0,0
2398,80.0,0
2399,63.26666666666666,1
2400,16.73333333333334,0
2401,45.08333333333334,1
2402,25.433333333333323,1
2403,9.483333333333334,0
2404,80.0,0
2405,77.33333333333333,1
2406,2.6666666666666714,0
2407,80.0,0
2408,80.0,0
2409,80.0,0
2410,80.0,0
2411,61.65,1
2412,18.35,0
2413,27.35,1
2414,3.733333333333327,1
2415,42.150000000000006,1
2416,6.766666666666666,0
2417,80.0,0
2418,80.0,0
2419,80.0,0
2420,60.38333333333333,1
2421,19.616666666666667,0
2422,80.0,0
2423,13.25,1
2424,29.78333333333333,1
2425,36.96666666666667,0
2426,80.0,0
2427,38.016666666666666,1
2428,41.983333333333334,0
2429,60.05,1
2430,19.950000000000003,0
2431,80.0,0
2432,63.26666666666666,1
2433,16.73333333333334,0
2434,80.0,0
2435,28.15,1
2436,51.85,0
2437,10.383333333333333,1
2438,69.61666666666667,0
2439,49.28333333333333,1
2440,30.71666666666667,0
2441,80.0,0
2442,50.98333333333333,1
2443,29.016666666666673,0
2444,80.0,0
2445,80.0,0
2446,80.0,0
2447,80.0,0
2448,45.23333333333333,1
2449,34.76666666666667,0
2450,80.0,0
2451,39.95,1
2452,11.449999999999996,1
2453,28.6,0
2454,80.0,0
2455,80.0,0
2456,80.0,0
2457,26.13333333333333,1
2458,53.866666666666674,0
2459,25.7,1
2460,26.36666666666667,1
2461,2.9499999999999886,1
2462,24.98333333333334,0
2463,80.0,0
2464,59.68333333333333,1
2465,20.31666666666667,0
2466,37.68333333333333,1
2467,42.31666666666667,0
2468,26.4,1
2469,53.6,0
2470,6.466666666666668,1
2471,73.53333333333333,0
2472,80.0,0
2473,80.0,0
2474,80.0,0
2475,18.1,1
2476,61.9,0
2477,37.516666666666666,1
2478,42.483333333333334,0
2479,45.88333333333333,1
2480,34.11666666666667,0
2481,35.28333333333333,1
2482,3.9166666666666714,1
2483,40.8,0
2484,80.0,0
2485,80.0,0
2486,80.0,0
2487,73.68333333333334,1
2488,6.316666666666663,0
2489,80.0,0
2490,19.15,1
2491,39.4,1
2492,3.2333333333333343,1
2493,2.9000000000000057,1
2494,15.316666666666663,0
2495,10.416666666666666,1
2496,69.58333333333333,0
2497,80.0,0
2498,80.0,0
2499,18.816666666666666,1
2500,38.58333333333333,1
2501,22.000000000000007,1
2502,0.5999999999999943,0
2503,80.0,0
2504,59.93333333333333,1
2505,20.06666666666667,0
2506,80.0,0
2507,80.0,0
2508,80.0,0
2509,80.0,0
2510,80.0,0
2511,34.083333333333336,1
2512,31.71666666666666,1
2513,14.200000000000003,0
2514,40.0,1
2515,40.0,0
2516,80.0,0
2517,12.683333333333335,1
2518,10.299999999999995,1
2519,29.26666666666667,1
2520,27.75,0
2521,80.0,0
2522,80.0,0
2523,80.0,0
2524,80.0,0
2525,80.0,0
2526,80.0,0
2527,80.0,0
2528,80.0,0
2529,80.0,0
2530,68.83333333333333,1
2531,11.166666666666671,0
2532,80.0,0
2533,80.0,0
2534,80.0,0
2535,80.0,0
2536,39.333333333333336,1
2537,25.050000000000004,1
2538,15.61666666666666,0
2539,80.0,0
2540,80.0,0
2541,11.516666666666667,1
2542,68.48333333333333,0
2543,80.0,0
2544,80.0,0
2545,80.0,0
2546,80.0,0
2547,34.95,1
2548,45.05,0
2549,80.0,0
2550,10.966666666666667,1
2551,5.933333333333332,1
2552,45.46666666666667,1
2553,17.633333333333333,0
2554,80.0,0
2555,11.666666666666664,1
2556,42.41666666666668,1
2557,25.64999999999999,1
2558,0.2666666666666657,0
2559,7.666666666666668,1
2560,72.33333333333333,0
2561,80.0,0
2562,80.0,0
2563,80.0,0
2564,71.85,1
2565,8.150000000000006,0
2566,23.2,1
2567,20.433333333333334,1
2568,36.36666666666667,0
2569,80.0,0
2570,80.0,0
2571,80.0,0
2572,80.0,0
2573,80.0,0
2574,62.88333333333333,1
2575,17.116666666666667,0
2576,80.0,0
2577,80.0,0
2578,80.0,0
2579,80.0,0
2580,44.28333333333333,1
2581,35.71666666666667,0
2582,80.0,1
2584,80.0,0
2585,80.0,0
2586,80.0,0
2587,20.08333333333333,1
2588,59.91666666666667,0
2589,80.0,0
2590,80.0,0
2591,80.0,0
2592,80.0,0
2593,71.46666666666667,1
2594,8.533333333333331,0
2595,5.0,1
2596,42.28333333333333,1
2597,10.433333333333337,1
2598,22.28333333333333,0
2599,18.183333333333334,1
2600,61.81666666666666,0
2601,38.56666666666667,1
2602,41.43333333333333,0
2603,72.81666666666666,1
2604,7.183333333333337,0
2605,80.0,0
2606,11.05,1
2607,35.31666666666666,1
2608,11.133333333333333,1
2609,22.5,0
2610,80.0,0
2611,80.0,0
2612,17.8,1
2613,14.499999999999996,1
2614,31.41666666666667,1
2615,16.28333333333333,0
2616,80.0,0
2617,80.0,0
2618,28.78333333333333,1
2619,51.21666666666667,0
2620,55.76666666666666,1
2621,24.23333333333334,0
2622,43.75,1
2623,36.25,0
2624,36.93333333333333,1
2625,43.06666666666667,0
2626,4.483333333333333,1
2627,75.51666666666667,0
2628,7.033333333333332,1
2629,72.96666666666667,0
2630,2.65,1
2631,77.35,0
2632,80.0,0
2633,45.38333333333333,1
2634,34.61666666666667,0
2635,44.1,1
2636,35.9,0
2637,80.0,0
2638,38.266666666666666,1
2639,41.733333333333334,0
2640,80.0,0
2641,80.0,0
2642,80.0,0
2643,80.0,0
2644,10.35,1
2645,8.299999999999999,1
2646,61.35,0
2647,15.766666666666667,1
2648,7.016666666666664,1
2649,57.21666666666667,0
2650,80.0,0
2651,80.0,0
2652,80.0,0
2653,80.0,0
2654,21.25,1
2655,58.75,0
2656,75.5,1
2657,4.5,0
2658,80.0,0
2659,8.716666666666667,1
2660,71.28333333333333,0
2661,80.0,0
2662,80.0,0
2663,28.15,1
2664,51.85,0
2665,60.61666666666667,1
2666,19.383333333333333,0
2667,80.0,0
2668,80.0,0
2669,80.0,0
2670,79.93333333333334,1
2671,0.06666666666666288,0
2672,80.0,0
2673,9.266666666666667,1
2674,60.93333333333334,1
2675,9.799999999999997,0
2676,80.0,0
2677,80.0,0
2678,80.0,0
2679,80.0,0
2680,13.083333333333336,1
2681,66.91666666666666,0
2682,4.133333333333334,1
2683,75.86666666666666,0
2684,31.35,1
2685,48.65,0
2686,50.56666666666667,1
2687,29.43333333333333,0
2688,80.0,0
2689,55.63333333333333,1
2690,23.750000000000007,1
2691,0.61666666666666,0
2692,17.5,1
2693,62.5,0
2694,80.0,0
2695,80.0,0
2696,80.0,0
2697,80.0,0
2698,80.0,0
2699,80.0,0
2700,9.15,1
2701,29.550000000000004,1
2702,41.3,0
2703,17.966666666666665,1
2704,62.03333333333333,0
2705,80.0,0
2706,30.516666666666666,1
2707,49.483333333333334,0
2708,80.0,0
2709,80.0,0
2710,80.0,0
2711,80.0,0
2712,80.0,0
2713,8.083333333333334,1
2714,71.91666666666667,0
2715,50.98333333333333,1
2716,23.216666666666676,1
2717,5.799999999999997,0
2718,23.65,1
2719,56.35,0
2720,80.0,0
2721,80.0,0
2722,12.866666666666667,1
2723,59.43333333333333,1
2724,7.700000000000003,0
2725,80.0,0
2726,80.0,0
2727,14.833333333333336,1
2728,65.16666666666666,0
2729,21.0,1
2730,59.0,0
2731,38.516666666666666,1
2732,41.483333333333334,0
2733,5.666666666666668,1
2734,79.05,1
2736,64.46666666666667,1
2737,15.533333333333331,0
2738,75.3,1
2739,4.700000000000003,0
2740,80.0,0
2741,60.85,1
2742,19.15,0
2743,80.0,0
2744,37.2,1
2745,14.483333333333327,1
2746,28.31666666666667,0
2747,40.0,1
2748,40.0,0
2749,54.96666666666667,1
2750,25.03333333333333,0
2751,26.6,1
2752,12.083333333333329,1
2753,29.616666666666667,1
2754,11.700000000000003,0
2755,80.0,0
2756,80.0,0
2757,80.0,0
2758,80.0,0
2759,39.03333333333333,1
2760,40.96666666666667,0
2761,80.0,0
2762,80.0,0
2763,80.0,0
2764,4.283333333333333,1
2765,75.71666666666667,0
2766,80.0,0
2767,18.616666666666667,1
2768,61.38333333333333,0
2769,80.0,0
2770,79.11666666666666,1
2771,0.88333333333334,0
2772,56.08333333333334,1
2773,23.916666666666657,0
2774,6.75,1
2775,31.06666666666667,1
2776,16.43333333333333,1
2777,25.75,0
2778,80.0,0
2779,9.566666666666666,1
2780,70.43333333333334,0
2781,80.0,0
2782,8.783333333333333,1
2783,71.21666666666667,0
2784,46.96666666666667,1
2785,33.03333333333333,0
2786,11.083333333333336,1
2787,5.316666666666663,1
2788,39.233333333333334,1
2789,24.366666666666667,0
2790,8.033333333333333,1
2791,71.96666666666667,0
2792,80.0,0
2793,76.83333333333333,1
2794,3.1666666666666714,0
2795,50.7,1
2796,4.333333333333329,1
2797,23.116666666666674,1
2798,1.8499999999999943,0
2799,80.0,0
2800,80.0,0
2801,74.51666666666667,1
2802,5.483333333333334,0
2803,80.0,0
2804,61.0,1
2805,19.0,0
2806,42.16666666666666,1
2807,37.83333333333334,0
2808,4.483333333333333,1
2809,57.56666666666666,1
2810,17.950000000000003,0
2811,2.85,1
2812,36.733333333333334,1
2813,25.93333333333333,1
2814,11.216666666666669,1
2815,3.2666666666666657,0
2816,80.0,0
2817,80.0,0
2818,66.18333333333334,1
2819,7.950000000000003,1
2820,5.86666666666666,0
2821,31.33333333333333,1
2822,26.73333333333334,1
2823,21.93333333333333,0
2824,80.0,0
2825,23.5,1
2826,56.5,0
2827,34.166666666666664,1
2828,4.900000000000006,1
2829,40.93333333333333,0
2830,8.9,1
2831,33.86666666666667,1
2832,30.400000000000006,1
2833,6.833333333333329,0
2834,23.8,1
2835,56.2,0
2836,33.13333333333333,1
2837,46.86666666666667,0
2838,15.3,1
2839,48.05,1
2840,16.65,0
2841,18.916666666666668,1
2842,49.78333333333333,1
2843,11.299999999999997,0
2844,80.0,0
2845,59.36666666666667,1
2846,20.633333333333333,0
2847,80.0,0
2848,80.0,0
2849,80.0,0
2850,10.6,1
2851,3.9000000000000004,1
2852,10.38333333333333,1
2853,55.10000000000001,1
2854,0.01666666666666572,0
2855,36.35,1
2856,10.166666666666657,1
2857,12.516666666666673,1
2858,20.96666666666667,0
2859,42.6,1
2860,37.4,0
2861,37.583333333333336,1
2862,2.4166666666666643,1
2863,22.049999999999997,1
2864,17.950000000000003,0
2865,7.8,1
2866,72.2,0
2867,15.15,1
2868,64.85,0
2869,7.866666666666667,1
2870,72.13333333333333,0
2871,18.58333333333333,1
2872,35.7,1
2873,4.366666666666667,1
2874,21.35,0
2875,38.43333333333333,1
2876,40.833333333333336,1
2877,0.7333333333333343,0
2878,80.0,0
2879,21.05,1
2880,52.21666666666667,1
2881,3.683333333333337,1
2882,3.049999999999997,0
2883,34.18333333333333,1
2884,9.233333333333327,1
2885,36.58333333333334,0
2886,23.03333333333333,1
2887,45.3,1
2888,11.666666666666671,0
2889,31.85,1
2890,48.15,0
2891,40.0,1
2892,23.883333333333333,1
2893,16.116666666666667,0
2894,68.0,1
2895,12.0,0
2896,48.0,1
2897,32.0,0
2898,80.0,0
2899,80.0,0
2900,17.283333333333335,1
2901,62.71666666666667,0
2902,22.91666666666667,1
2903,28.68333333333333,1
2904,28.4,0
2905,47.5,1
2906,32.5,0
2907,12.95,1
2908,36.63333333333334,1
2909,30.416666666666657,0
2910,3.3166666666666664,1
2911,36.68333333333334,1
2912,5.81666666666667,1
2913,34.18333333333333,0
2914,3.8,1
2915,33.150000000000006,1
2916,43.05,0
2917,47.65,1
2918,3.0833333333333286,1
2919,29.266666666666673,0
2920,80.0,0
2921,27.41666666666667,1
2922,36.55,1
2923,16.03333333333333,0
2924,15.616666666666667,1
2925,19.9,1
2926,44.483333333333334,0
2927,80.0,0
2928,80.0,0
2929,27.18333333333333,1
2930,52.81666666666667,0
2931,5.666666666666668,1
2932,74.33333333333333,0
2933,11.4,1
2934,13.049999999999999,1
2935,34.38333333333334,1
2936,21.166666666666657,0
2937,26.18333333333333,1
2938,53.81666666666667,0
2939,40.0,1
2940,14.116666666666667,1
2941,16.9,1
2942,8.983333333333334,0
2943,9.9,1
2944,6.533333333333333,1
2945,63.56666666666666,0
2946,5.7666666666666675,1
2947,74.23333333333333,0
2948,56.41666666666666,1
2949,9.733333333333348,1
2950,13.849999999999994,0
2951,80.0,0
2952,80.0,0
2953,80.0,0
2954,12.283333333333333,1
2955,35.06666666666667,1
2956,32.65,0
2957,61.68333333333333,1
2958,18.31666666666667,0
2959,37.93333333333333,1
2960,31.03333333333334,1
2961,11.033333333333331,0
2962,7.3,1
2963,3.1333333333333337,1
2964,32.03333333333333,1
2965,37.53333333333333,0
2966,80.0,0
2967,21.116666666666667,1
2968,58.88333333333333,0
2969,10.633333333333333,1
2970,69.36666666666667,0
2971,7.2333333333333325,1
2972,7.350000000000003,1
2973,65.41666666666666,0
2974,7.45,1
2975,72.55,0
2976,12.066666666666665,1
2977,67.93333333333334,0
2978,80.0,0
2979,42.25,1
2980,37.75,0
2981,80.0,0
2982,80.0,0
2983,10.716666666666667,1
2984,69.28333333333333,0
2985,48.83333333333334,1
2986,18.19999999999999,1
2987,12.966666666666669,0
2988,20.95,1
2989,59.05,0
2990,7.1,1
2991,72.9,0
2992,79.1,1
2993,0.9000000000000057,0
2994,80.0,0
2995,40.0,1
2996,13.350000000000001,1
2997,26.65,0
2998,80.0,0
2999,38.1,1
3000,41.9,0
3001,80.0,0
3002,80.0,0
3003,29.23333333333333,1
3004,27.683333333333326,1
3005,23.083333333333343,0
3006,80.0,0
3007,80.0,0
3008,12.216666666666667,1
3009,27.78333333333333,1
3010,40.0,0
3011,78.6,1
3012,1.4000000000000057,0
3013,80.0,0
3014,14.933333333333335,1
3015,65.06666666666666,0
3016,80.0,0
3017,80.0,0
3018,66.18333333333334,1
3019,13.816666666666663,0
3020,4.616666666666667,1
3021,52.6,1
3022,22.78333333333333,0
3023,25.566666666666666,1
3024,54.43333333333334,0
3025,80.0,0
3026,27.13333333333333,1
3027,52.866666666666674,0
3028,34.71666666666667,1
3029,45.28333333333333,0
3030,67.98333333333333,1
3031,12.016666666666666,0
3032,37.266666666666666,1
3033,18.950000000000003,1
3034,23.78333333333333,0
3035,59.7,1
3036,20.299999999999997,0
3037,80.0,0
3038,80.0,0
3039,26.2,1
3040,46.25,1
3041,7.549999999999997,0
3042,80.0,0
3043,37.95,1
3044,42.05,0
3045,80.0,0
3046,42.3,1
3047,37.7,0
3048,80.0,0
3049,9.033333333333333,1
3050,36.383333333333326,1
3051,11.31666666666667,1
3052,23.266666666666673,0
3053,80.0,0
3054,80.0,0
3055,19.066666666666666,1
3056,60.93333333333334,0
3057,45.96666666666667,1
3058,34.03333333333333,0
3059,80.0,0
3060,66.73333333333333,1
3061,13.266666666666666,0
3062,80.0,0
3063,59.43333333333333,1
3064,20.56666666666667,0
3065,8.483333333333333,1
3066,71.51666666666667,0
3067,80.0,0
3068,80.0,0
3069,80.0,0
3070,24.85,1
3071,55.15,0
3072,71.05,1
3073,8.950000000000003,0
3074,8.7,1
3075,71.3,0
3076,80.0,0
3077,80.0,0
3078,18.933333333333334,1
3079,61.06666666666666,0
3080,9.716666666666667,1
3081,8.883333333333335,1
3082,61.4,0
3083,80.0,0
3084,72.86666666666666,1
3085,7.13333333333334,0
3086,68.05,1
3087,11.950000000000003,0
3088,68.2,1
3089,11.799999999999997,0
3090,33.833333333333336,1
3091,46.166666666666664,0
3092,80.0,0
3093,80.0,0
3094,80.0,0
3095,80.0,0
3096,80.0,0
3097,56.06666666666667,1
3098,21.283333333333324,1
3099,2.6500000000000057,0
3100,80.0,0
3101,80.0,0
3102,80.0,0
3103,7.966666666666668,1
3104,72.03333333333333,0
3105,80.0,0
3106,9.2,1
3107,70.8,0
3108,37.2,1
3109,42.8,0
3110,20.28333333333333,1
3111,19.71666666666667,1
3112,16.56666666666667,1
3113,23.43333333333333,0
3114,32.06666666666667,1
3115,40.13333333333333,1
3116,7.799999999999997,0
3117,80.0,0
3118,68.13333333333334,1
3119,11.86666666666666,0
3120,80.0,0
3121,10.233333333333333,1
3122,50.949999999999996,1
3123,18.81666666666667,0
3124,68.03333333333333,1
3125,2.5333333333333314,1
3126,9.433333333333337,0
3127,68.03333333333333,1
3128,3.1000000000000085,1
3129,8.86666666666666,0
3130,37.53333333333333,1
3131,2.433333333333337,1
3132,16.35,1
3133,23.68333333333333,0
3134,3.5,1
3135,76.5,0
3136,80.0,0
3137,80.0,0
3138,48.06666666666667,1
3139,31.93333333333333,0
3140,80.0,0
3141,44.66666666666666,1
3142,33.58333333333334,1
3143,1.75,0
3144,80.0,0
3145,21.816666666666666,1
3146,58.18333333333334,0
3147,80.0,0
3148,54.01666666666666,1
3149,25.98333333333334,0
3150,80.0,0
3151,80.0,0
3152,12.7,1
3153,67.3,0
3154,80.0,0
3155,2.8166666666666664,1
3156,66.35000000000001,1
3157,10.833333333333329,0
3158,80.0,0
3159,80.0,0
3160,28.216666666666665,1
3161,51.78333333333333,0
3162,80.0,0
3163,7.4833333333333325,1
3164,26.53333333333333,1
3165,32.53333333333333,1
3166,13.450000000000003,0
3167,80.0,0
3168,19.683333333333334,1
3169,60.31666666666666,0
3170,80.0,0
3171,80.0,0
3172,2.4833333333333334,1
3173,20.23333333333333,1
3174,4.900000000000006,1
3175,51.44999999999999,1
3176,0.9333333333333371,0
3177,80.0,0
3178,13.683333333333335,1
3179,66.31666666666666,0
3180,80.0,0
3181,80.0,0
3182,3.3666666666666667,1
3183,76.63333333333334,0
3184,31.066666666666666,1
3185,3.583333333333332,1
3186,45.35,0
3187,14.566666666666665,1
3188,65.43333333333334,0
3189,29.6,1
3190,50.4,0
3191,48.9,1
3192,31.1,0
3193,15.5,1
3194,16.700000000000003,1
3195,7.799999999999997,1
3196,40.0,0
3197,3.333333333333333,1
3198,21.95,1
3199,23.483333333333327,1
3200,31.23333333333334,0
3201,80.0,0
3202,80.0,0
3203,2.5666666666666664,1
3204,45.75,1
3205,31.68333333333333,0
3206,23.45,1
3207,13.76666666666667,1
3208,19.4,1
3209,23.383333333333333,0
3210,80.0,0
3211,43.6,1
3212,36.4,0
3213,80.0,0
3214,6.383333333333334,1
3215,28.633333333333333,1
3216,44.983333333333334,0
3217,80.0,0
3218,80.0,0
3219,80.0,0
3220,80.0,0
3221,80.0,0
3222,77.58333333333333,1
3223,2.4166666666666714,0
3224,21.466666666666665,1
3225,46.349999999999994,1
3226,12.183333333333337,0
3227,40.0,1
3228,40.0,0
3229,38.2,1
3230,41.8,0
3231,80.0,0
3232,80.0,0
3233,80.0,0
3234,80.0,0
3235,16.733333333333334,1
3236,13.466666666666665,1
3237,7.883333333333336,1
3238,31.65,1
3239,10.266666666666666,0
3240,80.0,0
3241,71.56666666666666,1
3242,8.433333333333337,0
3243,80.0,0
3244,33.71666666666667,1
3245,46.28333333333333,0
3246,80.0,0
3247,19.416666666666668,1
3248,13.916666666666668,1
3249,46.666666666666664,0
3250,52.3,1
3251,27.700000000000003,0
3252,56.3,1
3253,23.700000000000003,0
3254,80.0,0
3255,2.8166666666666664,1
3256,77.18333333333334,0
3257,50.15,1
3258,29.85,0
3259,80.0,0
3260,79.51666666666667,1
3261,0.4833333333333343,0
3262,26.1,1
3263,53.9,0
3264,5.05,1
3265,30.366666666666664,1
3266,20.41666666666668,1
3267,24.166666666666657,0
3268,19.28333333333333,1
3269,60.71666666666667,0
3270,80.0,0
3271,8.85,1
3272,61.583333333333336,1
3273,9.566666666666663,0
3274,12.633333333333333,1
3275,67.36666666666667,0
3276,80.0,0
3277,80.0,0
3278,3.3,1
3279,58.300000000000004,1
3280,18.4,0
3281,40.0,1
3282,40.0,0
3283,80.0,0
3284,80.0,0
3285,8.15,1
3286,14.96666666666667,1
3287,56.883333333333326,0
3288,80.0,0
3289,2.55,1
3290,77.45,0
3291,80.0,0
3292,10.6,1
3293,69.4,0
3294,80.0,0
3295,6.633333333333333,1
3296,73.36666666666667,0
3297,20.58333333333333,1
3298,16.366666666666674,1
3299,43.05,0
3300,80.0,0
3301,37.583333333333336,1
3302,42.416666666666664,0
3303,6.0166666666666675,1
3304,26.06666666666667,1
3305,47.916666666666664,0
3306,46.8,1
3307,33.2,0
3308,80.0,0
3309,34.583333333333336,1
3310,23.699999999999996,1
3311,21.71666666666667,0
3312,47.83333333333334,1
3313,18.783333333333317,1
3314,3.63333333333334,1
3315,9.75,0
3316,80.0,0
3317,80.0,0
3318,80.0,0
3319,12.133333333333333,1
3320,12.533333333333339,1
3321,12.833333333333329,1
3322,35.266666666666666,1
3323,7.233333333333334,0
3324,80.0,0
3325,80.0,0
3326,48.31666666666667,1
3327,31.68333333333333,0
3328,80.0,0
3329,21.9,1
3330,58.1,0
3331,80.0,0
3332,7.116666666666666,1
3333,13.216666666666661,1
3334,19.66666666666667,1
3335,27.049999999999997,1
3336,12.950000000000003,0
3337,11.616666666666667,1
3338,68.38333333333333,0
3339,7.9833333333333325,1
3340,18.0,1
3341,22.499999999999996,1
3342,31.516666666666673,0
3343,16.4,1
3344,63.6,0
3345,5.066666666666666,1
3346,40.66666666666666,1
3347,30.31666666666667,1
3348,11.200000000000003,1
3350,24.93333333333333,1
3351,55.06666666666667,0
3352,40.0,1
3353,40.0,0
3354,80.0,0
3355,80.0,0
3356,4.866666666666667,1
3357,35.13333333333333,1
3358,3.666666666666657,1
3359,3.63333333333334,1
3360,32.7,0
3361,35.95,1
3362,44.05,0
3363,80.0,0
3364,80.0,0
3365,10.416666666666666,1
3366,29.583333333333336,1
3367,19.43333333333333,1
3368,20.56666666666667,0
3369,40.0,1
3370,40.0,0
3371,52.46666666666667,1
3372,16.266666666666666,1
3373,6.400000000000006,1
3374,4.86666666666666,0
3375,80.0,0
3376,18.15,1
3377,15.0,1
3378,17.08333333333333,1
3379,29.766666666666673,0
3380,36.25,1
3381,25.333333333333343,1
3382,18.416666666666657,0
3383,4.333333333333333,1
3384,42.00000000000001,1
3385,19.183333333333323,1
3386,8.466666666666669,1
3387,6.016666666666666,0
3388,80.0,0
3389,31.05,1
3390,48.95,0
3391,39.95,1
3392,40.05,0
3393,2.716666666666667,1
3394,20.816666666666663,1
3395,29.083333333333336,1
3396,27.383333333333333,0
3397,80.0,0
3398,4.316666666666666,1
3399,35.68333333333334,1
3400,38.983333333333334,1
3401,1.0166666666666657,0
3402,64.51666666666667,1
3403,15.483333333333334,0
3404,80.0,0
3405,80.0,0
3406,71.53333333333333,1
3407,6.8500000000000085,1
3408,1.61666666666666,0
3409,16.383333333333333,1
3410,41.9,1
3411,21.71666666666667,0
3412,4.883333333333333,1
3413,75.11666666666667,0
3414,36.7,1
3415,12.616666666666667,1
3416,30.68333333333333,0
3417,10.6,1
3418,69.4,0
3419,80.0,0
3420,53.83333333333334,1
3421,21.76666666666665,1
3422,4.400000000000006,0
3423,17.983333333333334,1
3424,39.81666666666666,1
3425,22.200000000000003,0
3426,80.0,0
3427,80.0,0
3428,7.466666666666668,1
3429,3.083333333333333,1
3430,11.25,1
3431,52.68333333333334,1
3432,5.516666666666666,0
3433,80.0,0
3434,1.9666666666666668,1
3435,20.18333333333333,1
3436,5.133333333333333,1
3437,2.25,1
3438,50.46666666666667,0
3439,51.31666666666667,1
3440,28.68333333333333,0
3441,80.0,0
3442,44.98333333333333,1
3443,35.01666666666667,0
3444,39.96666666666667,1
3445,40.03333333333333,0
3446,5.866666666666667,1
3447,55.166666666666664,1
3448,18.96666666666667,0
3449,22.03333333333333,1
3450,57.96666666666667,0
3451,11.0,1
3452,69.0,0
3453,80.0,0
3454,80.0,0
3455,19.816666666666666,1
3456,60.18333333333334,0
3457,19.65,1
3458,10.133333333333333,1
3459,50.21666666666667,0
3460,15.65,1
3461,64.35,0
3462,80.0,0
3463,31.65,1
3464,48.35,0
3465,80.0,0
3466,80.0,0
3467,17.2,1
3468,7.43333333333333,1
3469,7.650000000000002,1
3470,47.71666666666667,0
3471,14.583333333333336,1
3472,65.41666666666666,0
3473,10.116666666666667,1
3474,59.86666666666667,1
3475,10.016666666666666,0
3476,80.0,0
3477,80.0,0
3478,18.0,1
3479,29.133333333333333,1
3480,32.86666666666667,0
3481,80.0,0
3482,50.63333333333333,1
3483,23.766666666666673,1
3484,5.599999999999994,0
3485,80.0,0
3486,80.0,0
3487,80.0,0
3488,64.06666666666666,1
3489,15.933333333333337,0
3490,80.0,0
3491,48.03333333333333,1
3492,31.96666666666667,0
3493,19.866666666666667,1
3494,60.13333333333333,0
3495,80.0,0
3496,11.983333333333333,1
3497,68.01666666666667,0
3498,5.366666666666666,1
3499,34.63333333333333,1
3500,40.0,0
3501,51.23333333333333,1
3502,28.766666666666673,0
3503,11.066666666666665,1
3504,48.36666666666667,1
3505,12.966666666666676,1
3506,7.599999999999994,0
3507,53.65,1
3508,26.35,0
3509,80.0,0
3510,69.28333333333333,1
3511,10.716666666666669,0
3512,65.51666666666667,1
3513,14.483333333333334,0
3514,80.0,0
3515,39.21666666666667,1
3516,40.78333333333333,0
3517,80.0,0
3518,8.566666666666666,1
3519,71.43333333333334,0
3520,51.88333333333333,1
3521,28.116666666666667,1
3523,29.7,1
3524,50.3,0
3525,7.383333333333334,1
3526,7.416666666666667,1
3527,23.2,1
3528,31.11666666666666,1
3529,10.866666666666674,1
3530,0.01666666666666572,0
3531,80.0,0
3532,58.66666666666666,1
3533,5.933333333333337,1
3534,15.400000000000006,0
3535,80.0,0
3536,80.0,0
3537,23.58333333333333,1
3538,46.80000000000001,1
3539,9.61666666666666,0
3540,80.0,0
3541,80.0,0
3542,27.016666666666666,1
3543,9.783333333333331,1
3544,43.2,0
3545,31.38333333333333,1
3546,28.983333333333338,1
3547,19.633333333333333,0
3548,80.0,0
3549,65.36666666666666,1
3550,14.63333333333334,0
3551,80.0,0
3552,39.11666666666667,1
3553,40.88333333333333,0
3554,80.0,0
3555,80.0,0
3556,46.46666666666667,1
3557,33.53333333333333,0
3558,49.28333333333333,1
3559,30.71666666666667,0
3560,80.0,0
3561,80.0,0
3562,80.0,0
3563,80.0,0
3564,80.0,0
3565,80.0,0
3566,80.0,0
3567,20.116666666666667,1
3568,7.133333333333333,1
3569,49.36666666666666,1
3570,3.38333333333334,0
3571,80.0,0
3572,80.0,0
3573,27.03333333333333,1
3574,52.96666666666667,0
3575,44.85,1
3576,35.15,0
3577,27.28333333333333,1
3578,52.71666666666667,0
3579,35.3,1
3580,38.66666666666667,1
3581,6.033333333333331,0
3582,80.0,0
3583,80.0,0
3584,10.233333333333333,1
3585,13.583333333333334,1
3586,56.18333333333334,0
3587,80.0,0
3588,30.28333333333333,1
3589,21.28333333333334,1
3590,15.166666666666664,1
3591,13.266666666666666,0
3592,80.0,0
3593,11.4,1
3594,27.81666666666667,1
3595,40.78333333333333,0
3596,20.28333333333333,1
3597,5.983333333333334,1
3598,8.616666666666667,1
3599,45.11666666666667,0
3600,80.0,0
3601,80.0,0
3602,7.716666666666668,1
3603,10.36666666666666,1
3604,7.766666666666673,1
3605,54.15,0
3606,16.033333333333335,1
3607,63.96666666666667,0
3608,80.0,0
3609,7.833333333333332,1
3610,9.3,1
3611,62.86666666666667,0
3612,10.983333333333333,1
3613,50.516666666666666,1
3614,4.349999999999994,1
3615,14.150000000000006,0
3616,80.0,0
3617,37.516666666666666,1
3618,42.483333333333334,0
3619,4.0,1
3620,76.0,0
3621,7.466666666666668,1
3622,23.566666666666663,1
3623,48.96666666666667,0
3624,27.78333333333333,1
3625,20.683333333333337,1
3626,31.53333333333333,0
3627,80.0,0
3628,3.3666666666666667,1
3629,13.783333333333331,1
3630,32.45,1
3631,18.749999999999993,1
3632,11.650000000000006,0
3633,8.816666666666666,1
3634,71.18333333333334,0
3635,80.0,0
3636,80.0,0
3637,8.633333333333333,1
3638,45.533333333333324,1
3639,19.750000000000014,1
3640,6.083333333333329,0
3641,80.0,0
3642,80.0,0
3643,14.366666666666667,1
3644,65.63333333333333,0
3645,40.0,1
3646,40.0,0
3647,80.0,0
3648,70.98333333333333,1
3649,9.016666666666666,0
3650,26.95,1
3651,49.64999999999999,1
3652,3.4000000000000057,0
3653,16.2,1
3654,63.8,0
3655,80.0,0
3656,20.6,1
3657,59.4,0
3658,80.0,0
3659,80.0,0
3660,80.0,0
3661,54.86666666666667,1
3662,25.133333333333333,0
3663,80.0,0
3664,80.0,0
3665,13.266666666666667,1
3666,66.73333333333333,0
3667,80.0,0
3668,80.0,0
3669,80.0,0
3670,40.0,1
3671,40.0,0
3672,19.75,1
3673,35.85,1
3674,24.4,0
3675,15.583333333333336,1
3676,64.41666666666666,0
3677,80.0,0
3678,6.783333333333332,1
3679,67.76666666666667,1
3680,5.450000000000003,0
3681,80.0,0
3682,80.0,0
3683,80.0,0
3684,37.833333333333336,1
3685,42.166666666666664,0
3686,56.58333333333334,1
3687,22.39999999999999,1
3688,1.0166666666666657,0
3689,80.0,0
3690,80.0,0
3691,13.016666666666667,1
3692,66.98333333333333,0
3693,80.0,0
3694,80.0,0
3695,2.5,1
3696,60.48333333333333,1
3697,17.016666666666673,0
3698,12.533333333333333,1
3699,43.766666666666666,1
3700,23.700000000000003,0
3701,80.0,0
3702,15.966666666666667,1
3703,64.03333333333333,0
3704,80.0,0
3705,80.0,0
3706,80.0,0
3707,34.38333333333333,1
3708,45.61666666666667,0
3709,64.91666666666667,1
3710,15.083333333333329,0
3711,80.0,0
3712,11.533333333333333,1
3713,68.46666666666667,0
3714,11.25,1
3715,68.75,0
3716,80.0,0
3717,80.0,0
3718,80.0,0
3719,80.0,0
3720,57.08333333333334,1
3721,22.916666666666657,0
3722,9.25,1
3723,70.75,0
3724,64.16666666666667,1
3725,15.833333333333329,0
3726,4.15,1
3727,75.85,0
3728,44.96666666666667,1
3729,27.64999999999999,1
3730,7.38333333333334,0
3731,80.0,0
3732,31.13333333333333,1
3733,48.38333333333334,1
3734,0.4833333333333343,0
3735,20.0,1
3736,60.0,0
3737,6.816666666666666,1
3738,73.18333333333334,0
3739,58.55,1
3740,21.450000000000003,0
3741,37.86666666666667,1
3742,36.416666666666664,1
3743,5.716666666666669,0
3744,15.283333333333333,1
3745,64.71666666666667,0
3746,6.083333333333332,1
3747,45.483333333333334,1
3748,28.43333333333333,0
3749,80.0,0
3750,80.0,0
3751,12.433333333333335,1
3752,67.56666666666666,0
3753,80.0,0
3754,80.0,0
3755,76.33333333333333,1
3756,3.6666666666666714,0
3757,80.0,0
3758,5.366666666666666,1
3759,74.63333333333334,0
3760,62.66666666666666,1
3761,17.333333333333343,0
3762,47.31666666666667,1
3763,32.68333333333333,0
3764,3.333333333333333,1
3765,36.666666666666664,1
3766,40.0,0
3767,18.7,1
3768,61.3,0
3769,80.0,0
3770,17.35,1
3771,37.91666666666666,1
3772,24.73333333333334,0
3773,79.98333333333333,1
3774,0.01666666666666572,0
3775,80.0,0
3776,8.566666666666666,1
3777,11.316666666666666,1
3778,5.299999999999997,1
3779,54.81666666666667,0
3780,80.0,0
3781,9.216666666666667,1
3782,18.900000000000006,1
3783,51.78333333333333,1
3784,0.09999999999999432,0
3785,80.0,0
3786,11.633333333333333,1
3787,36.733333333333334,1
3788,25.883333333333333,1
3789,5.75,0
3790,31.8,1
3791,48.2,0
3792,16.9,1
3793,38.71666666666667,1
3794,24.383333333333333,0
3795,80.0,0
3796,80.0,0
3797,80.0,0
3798,80.0,0
3799,24.98333333333333,1
3800,55.016666666666666,0
3801,80.0,0
3802,80.0,0
3803,80.0,0
3804,80.0,0
3805,80.0,0
3806,80.0,0
3807,80.0,0
3808,4.616666666666667,1
3809,48.89999999999999,1
3810,14.483333333333341,1
3811,12.0,0
3812,23.016666666666666,1
3813,56.983333333333334,0
3814,80.0,0
3815,80.0,0
3816,53.15,1
3817,26.85,0
3818,80.0,0
3819,80.0,0
3820,80.0,0
3821,39.93333333333333,1
3822,40.06666666666667,0
3823,19.683333333333334,1
3824,60.31666666666666,0
3825,3.6833333333333336,1
3826,75.26666666666667,1
3827,1.0499999999999972,0
3828,80.0,0
3829,80.0,0
3830,10.566666666666666,1
3831,26.45,1
3832,42.983333333333334,0
3833,80.0,0
3834,80.0,0
3835,80.0,0
3836,80.0,0
3837,80.0,0
3838,80.0,0
3839,80.0,0
3840,29.03333333333333,1
3841,50.96666666666667,0
3842,80.0,0
3843,10.233333333333333,1
3844,69.76666666666667,0
3845,80.0,0
3846,80.0,0
3847,46.71666666666667,1
3848,33.28333333333333,0
3849,80.0,0
3850,80.0,0
3851,80.0,0
3852,80.0,0
3853,29.5,1
3854,20.85,1
3855,29.65,0
3856,80.0,0
3857,4.766666666666667,1
3858,43.766666666666666,1
3859,31.46666666666667,0
3860,80.0,0
3861,32.18333333333333,1
3862,47.81666666666667,0
3863,22.66666666666667,1
3864,57.33333333333333,0
3865,69.6,1
3866,10.400000000000006,0
3867,80.0,0
3868,80.0,0
3869,80.0,0
3870,80.0,0
3871,80.0,0
3872,4.733333333333333,1
3873,49.8,1
3874,25.46666666666667,0
3875,80.0,0
3876,80.0,0
3877,80.0,0
3878,80.0,0
3879,58.2,1
3880,21.799999999999997,0
3881,30.816666666666666,1
3882,49.18333333333334,0
3883,80.0,0
3884,80.0,0
3885,71.83333333333333,1
3886,8.166666666666671,0
3887,80.0,0
3888,80.0,0
3889,79.9,1
3890,0.09999999999999432,0
3891,11.216666666666667,1
3892,68.78333333333333,0
3893,9.033333333333333,1
3894,70.96666666666667,0
3895,80.0,0
3896,31.88333333333333,1
3897,48.116666666666674,0
3898,9.65,1
3899,57.06666666666667,1
3900,13.283333333333331,0
3901,80.0,0
3902,80.0,0
3903,39.81666666666667,1
3904,40.18333333333333,0
3905,80.0,0
3906,31.13333333333333,1
3907,48.866666666666674,0
3908,80.0,0
3909,80.0,0
3910,80.0,0
3911,8.9,1
3912,69.43333333333332,1
3913,1.6666666666666714,0
3914,15.583333333333336,1
3915,29.416666666666664,1
3916,6.133333333333333,1
3917,28.866666666666667,0
3918,39.766666666666666,1
3919,40.233333333333334,0
3920,80.0,0
3921,80.0,0
3922,80.0,0
3923,80.0,0
3924,80.0,0
3925,80.0,0
3926,80.0,0
3927,80.0,0
3928,80.0,0
3929,17.033333333333335,1
3930,42.41666666666667,1
3931,20.549999999999997,0
3932,49.66666666666666,1
3933,30.333333333333343,0
3934,80.0,0
3935,80.0,0
3936,80.0,0
3937,80.0,0
3938,80.0,0
3939,80.0,0
3940,34.88333333333333,1
3941,9.75,1
3942,35.36666666666667,0
3943,38.25,1
3944,1.75,1
3945,12.266666666666659,1
3946,27.73333333333334,0
3947,80.0,0
3948,80.0,0
3949,13.3,1
3950,66.7,0
3951,67.53333333333333,1
3952,12.466666666666669,0
3953,10.933333333333335,1
3954,69.06666666666666,0
3955,80.0,0
3956,6.316666666666666,1
3957,33.68333333333334,1
3958,40.0,0
3959,18.766666666666666,1
3960,61.233333333333334,0
3961,5.383333333333334,1
3962,74.61666666666666,0
3963,9.9,1
3964,33.35,1
3965,36.75,0
3966,80.0,0
3967,18.433333333333334,1
3968,61.56666666666666,0
3969,80.0,0
3970,80.0,0
3971,53.85,1
3972,26.15,0
3973,80.0,0
3974,60.61666666666667,1
3975,19.383333333333333,0
3976,80.0,0
3977,80.0,0
3978,80.0,0
3979,31.61666666666667,1
3980,17.45,1
3981,3.2833333333333314,1
3982,27.65,0
3983,80.0,0
3984,10.8,1
3985,69.2,0
3986,80.0,0
3987,21.48333333333333,1
3988,22.01666666666667,1
3989,2.549999999999997,1
3990,33.95,0
3991,40.0,1
3992,24.983333333333334,1
3993,15.016666666666666,0
3994,80.0,0
3995,80.0,0
3996,80.0,0
3997,8.633333333333333,1
3998,67.21666666666667,1
3999,4.150000000000006,0
4000,80.0,0
4001,13.733333333333333,1
4002,66.26666666666667,0
4003,80.0,0
4004,50.36666666666667,1
4005,29.633333333333333,0
4006,80.0,0
4007,80.0,0
4008,40.0,1
4009,40.0,0
4010,5.383333333333334,1
4011,28.766666666666666,1
4012,45.85,0
4013,50.48333333333333,1
4014,29.516666666666673,0
4015,80.0,0
4016,80.0,0
4017,80.0,0
4018,17.316666666666666,1
4019,12.983333333333334,1
4020,49.7,0
4021,80.0,0
4022,35.45,1
4023,38.93333333333334,1
4024,5.61666666666666,0
4025,5.5,1
4026,74.5,0
4027,2.8166666666666664,1
4028,65.65,1
4029,11.416666666666671,1
4030,0.11666666666666003,0
4031,80.0,0
4032,80.0,0
4033,80.0,0
4034,62.93333333333333,1
4035,17.06666666666667,0
4036,80.0,0
4037,80.0,0
4038,80.0,0
4039,25.48333333333333,1
4040,19.26666666666667,1
4041,35.25,0
4042,80.0,0
4043,80.0,0
4044,80.0,0
4045,7.2,1
4046,72.8,0
4047,63.55,1
4048,16.450000000000003,0
4049,14.2,1
4050,65.8,0
4051,80.0,0
4052,18.016666666666666,1
4053,61.983333333333334,0
4054,80.0,0
4055,80.0,0
4056,71.43333333333334,1
4057,8.566666666666663,0
4058,80.0,0
4059,80.0,0
4060,80.0,0
4061,34.28333333333333,1
4062,11.800000000000011,1
4063,33.91666666666666,0
4064,48.76666666666666,1
4065,12.166666666666671,1
4066,19.06666666666667,0
4067,20.7,1
4068,48.66666666666666,1
4069,10.63333333333334,0
4070,48.38333333333333,1
4071,28.083333333333336,1
4072,3.5333333333333314,0
4073,35.88333333333333,1
4074,44.11666666666667,0
4075,21.15,1
4076,58.85,0
4077,80.0,0
4078,80.0,0
4079,56.33333333333334,1
4080,23.666666666666657,0
4081,80.0,0
4082,80.0,0
4083,80.0,0
4084,37.71666666666667,1
4085,42.28333333333333,0
4086,80.0,0
4087,80.0,0
4088,80.0,0
4089,80.0,0
4090,80.0,0
4091,22.9,1
4092,57.1,0
4093,8.15,1
4094,71.85,0
4095,80.0,0
4096,80.0,0
4097,80.0,0
4098,80.0,0
4099,80.0,0
4100,19.45,1
4101,60.55,0
4102,80.0,0
4103,11.15,1
4104,68.85,0
4105,40.0,1
4106,40.0,0
4107,13.216666666666667,1
4108,19.96666666666666,1
4109,46.81666666666667,0
4110,80.0,0
4111,80.0,0
4112,40.0,1
4113,25.566666666666663,1
4114,14.433333333333337,0
4115,80.0,0
4116,16.916666666666668,1
4117,51.41666666666666,1
4118,11.666666666666671,0
4119,80.0,0
4120,21.166666666666668,1
4121,58.83333333333333,0
4122,6.0,1
4123,52.2,1
4124,21.799999999999997,0
4125,40.0,1
4126,40.0,0
4127,39.98333333333333,1
4128,40.01666666666667,0
4129,20.616666666666667,1
4130,59.38333333333333,0
4131,3.066666666666667,1
4132,76.93333333333334,0
4133,80.0,0
4134,29.61666666666667,1
4135,50.383333333333326,0
4136,76.35,1
4137,3.6500000000000057,0
4138,5.383333333333334,1
4139,74.61666666666666,0
4140,75.98333333333333,1
4141,4.016666666666666,0
4142,80.0,0
4143,19.55,1
4144,60.45,0
4145,29.53333333333333,1
4146,6.56666666666667,1
4147,43.9,0
4148,80.0,0
4149,58.03333333333333,1
4150,16.41666666666667,1
4151,5.549999999999997,0
4152,19.166666666666668,1
4153,60.83333333333333,0
4154,71.86666666666666,1
4155,8.13333333333334,0
4156,80.0,0
4157,35.333333333333336,1
4158,26.416666666666664,1
4159,18.11666666666666,1
4160,0.13333333333333997,0
4161,80.0,0
4162,5.966666666666668,1
4163,74.03333333333333,0
4164,80.0,0
4165,80.0,0
4166,33.81666666666667,1
4167,34.783333333333324,1
4168,9.216666666666669,1
4169,2.183333333333337,0
4170,50.8,1
4171,29.200000000000003,0
4172,18.08333333333333,1
4173,61.91666666666667,0
4174,3.25,1
4175,25.9,1
4176,16.15,1
4177,34.63333333333334,1
4178,0.06666666666666288,0
4179,80.0,0
4180,80.0,0
4181,80.0,0
4182,16.2,1
4183,63.766666666666666,1
4184,0.03333333333333144,0
4185,80.0,0
4186,15.533333333333333,1
4187,64.46666666666667,0
4188,18.95,1
4189,61.05,0
4190,80.0,0
4191,80.0,0
4192,21.91666666666667,1
4193,58.08333333333333,0
4194,80.0,0
4195,74.35,1
4196,5.650000000000006,0
4197,80.0,0
4198,80.0,0
4199,17.316666666666666,1
4200,62.68333333333334,0
4201,80.0,0
4202,26.15,1
4203,53.85,0
